9300,'3d6b7334-041d-4cdf-b33e-9fc06607d92b',630,,19230,4,,,0,93,,19228,4,,,0,98,,19235,4,,,0,99,,19220,4,,,0,96,,19225,4,,,0,96,,19236,4,,,0,96,,19221,4,,,0,96,,19232,4,,,0,96,,19231,4,,,0,56,,19233,4,,,0,96,,19226,4,,,0,98,,19222,4,,,0,98,,19224,4,,,0,93,,19223,4,,,0,90,,19229,4,,,0,90,,19234,4,,,0,89,,19227,5,,,0
9300,'55f98007-25ae-4999-903a-9517a72acc76',630,,19245,4,,,0,89,,19249,4,,,0,89,,19247,4,,,0,49,,19241,4,,,0,89,,19239,4,,,0,89,,19248,4,,,0,94,,19251,4,,,0,94,,19253,4,,,0,94,,19252,4,,,0,94,,19242,4,,,0,94,,19246,4,,,0,54,,19244,4,,,0,89,,19237,4,,,0,89,,19240,4,,,0,89,,19238,4,,,0,89,,19254,4,,,0,87,,19250,4,,,0,47,,19243,5,,,0
9300,'aebab1a8-3c1a-47f7-a9ad-73a4dd0b203e',930,,19260,4,,,0,89,,19265,4,,,0,89,,19264,4,,,0,49,,19261,4,,,0,89,,19256,4,,,0,89,,19263,4,,,0,89,,19262,4,,,0,89,,19258,4,,,0,89,,19259,4,,,0,49,,19255,4,,,0,89,,19257,5,,,0
9400,'3d6b7334-041d-4cdf-b33e-9fc06607d92b',702,,19279,216,,,0,51,,19271,216,,,0,93,,19277,216,,,0,90,,19281,216,,,0,88,,19267,216,,,0,88,,19284,216,,,0,88,,19278,216,,,0,48,,19268,216,,,0,88,,19282,216,,,0,88,,19273,216,,,0,88,,19274,216,,,0,88,,19272,216,,,0,50,,19276,216,,,0,89,,19275,216,,,0,88,,19280,216,,,0,86,,19266,216,,,0,45,,19270,216,,,0,85,,19283,216,,,0,85,,19269,216,,,0
9400,'55f98007-25ae-4999-903a-9517a72acc76',656,,19295,216,,,0,86,,19285,216,,,0,85,,19299,216,,,0,85,,19298,216,,,0,46,,19287,216,,,0,86,,19288,216,,,0,87,,19292,216,,,0,87,,19300,216,,,0,87,,19302,216,,,0,47,,19304,216,,,0,87,,19303,216,,,0,86,,19291,216,,,0,85,,19290,216,,,0,45,,19286,216,,,0,85,,19294,216,,,0,85,,19289,216,,,0,86,,19293,216,,,0,46,,19296,216,,,0,86,,19301,216,,,0,86,,19297,216,,,0
9400,'aebab1a8-3c1a-47f7-a9ad-73a4dd0b203e',956,,19314,216,,,0,86,,19313,216,,,0,85,,19307,216,,,0,86,,19305,216,,,0,46,,19315,216,,,0,86,,19306,216,,,0,86,,19312,216,,,0,86,,19308,216,,,0,86,,19310,216,,,0,47,,19309,216,,,0,87,,19311,216,,,0
9600,'3d6b7334-041d-4cdf-b33e-9fc06607d92b',701,,19319,127,,,0,49,,19325,127,,,0,91,,19318,127,,,0,91,,19317,127,,,0,91,,19332,127,,,0,91,,19330,127,,,0,91,,19327,127,,,0,51,,19328,127,,,0,91,,19326,127,,,0,91,,19333,127,,,0,91,,19322,127,,,0,91,,19329,127,,,0,92,,19334,127,,,0,93,,19320,127,,,0,44,,19331,127,,,0,82,,19316,127,,,0,83,,19321,127,,,0,40,,19323,127,,,0,90,,19324,127,,,0
9600,'55f98007-25ae-4999-903a-9517a72acc76',700,,19349,127,,,0,43,,19347,127,,,0,83,,19336,127,,,0,83,,19346,127,,,0,43,,19352,127,,,0,89,,19338,127,,,0,89,,19335,127,,,0,89,,19344,127,,,0,89,,19341,127,,,0,49,,19350,127,,,0,88,,19353,127,,,0,85,,19342,127,,,0,83,,19348,127,,,0,43,,19345,127,,,0,83,,19343,127,,,0,83,,19339,127,,,0,87,,19340,127,,,0,47,,19337,127,,,0,87,,19354,127,,,0,87,,19351,127,,,0
9600,'aebab1a8-3c1a-47f7-a9ad-73a4dd0b203e',1000,,19362,127,,,0,43,,19363,127,,,0,83,,19360,127,,,0,88,,19359,127,,,0,88,,19355,127,,,0,48,,19364,127,,,0,88,,19357,127,,,0,88,,19358,127,,,0,86,,19365,127,,,0,90,,19361,127,,,0,50,,19356,127,,,0
1009400,'3d6b7334-041d-4cdf-b33e-9fc06607d92b',630,,19478,6,,,0,85,,19483,6,,,0,87,,19493,6,,,0,48,,19485,6,,,0,88,,19490,6,,,0,85,,19491,6,,,0,85,,19480,6,,,0,45,,19479,6,,,0,85,,19475,6,,,0,85,,19474,6,,,0,85,,19492,6,,,0,45,,19484,6,,,0,85,,19486,6,,,0,85,,19477,6,,,0,86,,19476,6,,,0,44,,19489,6,,,0,84,,19487,6,,,0,83,,19494,6,,,0,83,,19481,6,,,0,43,,19482,6,,,0,83,,19488,6,,,0
1009400,'55f98007-25ae-4999-903a-9517a72acc76',630,,19507,6,,,0,83,,19504,6,,,0,43,,19499,6,,,0,83,,19511,6,,,0,83,,19513,6,,,0,84,,19508,6,,,0,45,,19506,6,,,0,85,,19498,6,,,0,85,,19495,6,,,0,85,,19510,6,,,0,45,,19509,6,,,0,84,,19515,6,,,0,83,,19496,6,,,0,83,,19505,6,,,0,43,,19501,6,,,0,83,,19514,6,,,0,83,,19500,6,,,0,43,,19502,6,,,0,83,,19497,6,,,0,83,,19503,6,,,0,83,,19512,6,,,0
1009400,'aebab1a8-3c1a-47f7-a9ad-73a4dd0b203e',930,,19516,6,,,0,83,,19523,6,,,0,43,,19518,6,,,0,84,,19522,6,,,0,84,,19525,6,,,0,84,,19524,6,,,0,44,,19519,6,,,0,84,,19527,6,,,0,84,,19517,6,,,0,84,,19521,6,,,0,44,,19526,6,,,0,84,,19520,6,,,0
