1600,'3d6b7334-041d-4cdf-b33e-9fc06607d92b',704,,18052,85,,,0,33,,18041,85,,,0,75,,18039,85,,,0,32,,18048,85,,,0,70,,18055,85,,,0,30,,18045,85,,,0,70,,18035,85,,,0,30,,18054,85,,,0,70,,18036,85,,,0,30,,18029,85,,,0,75,,18047,85,,,0,38,,18044,85,,,0,75,,18033,85,,,0,75,,18046,85,,,0,35,,18037,85,,,0,75,,18030,85,,,0,35,,18031,85,,,0,77,,18042,85,,,0,80,,18049,85,,,0,40,,18034,85,,,0,75,,18053,85,,,0,30,,18038,85,,,0,70,,18040,85,,,0,30,,18050,85,,,0,70,,18032,85,,,0,30,,18051,85,,,0,70,,18043,93,,,0
1600,'55f98007-25ae-4999-903a-9517a72acc76',1152,,18059,85,,,0,75,,18064,85,,,0,75,,18061,85,,,0,35,,18062,85,,,0,75,,18066,85,,,0,35,,18060,85,,,0,75,,18067,85,,,0,35,,18065,85,,,0,75,,18057,85,,,0,75,,18068,85,,,0,35,,18063,85,,,0,75,,18058,85,,,0,35,,18056,93,,,0
1600,'aebab1a8-3c1a-47f7-a9ad-73a4dd0b203e',1042,,18077,85,,,0,75,,18075,85,,,0,35,,18079,85,,,0,75,,18074,85,,,0,75,,18073,85,,,0,35,,18069,85,,,0,75,,18080,85,,,0,35,,18076,85,,,0,75,,18070,85,,,0,35,,18071,85,,,0,75,,18081,85,,,0,75,,18078,85,,,0,35,,18072,93,,,0
5000,'29bb4b7a-5d7b-4f78-bccd-adce0636a676',1026,,18082,321,,,0,75,,18092,365,,,0,35,,18099,365,,,0,75,,18083,365,,,0,35,,18090,365,,,0,75,,18084,365,,,0,35,,18091,365,,,0,75,,18087,365,,,0,75,,18097,365,,,0,35,,18096,365,,,0,75,,18085,365,,,0,35,,18098,365,,,0,75,,18089,365,,,0,75,,18086,365,,,0,35,,18093,365,,,0
5000,'3d6b7334-041d-4cdf-b33e-9fc06607d92b',652,,18124,365,,,0,64,,18109,365,,,0,24,,18116,365,,,0,69,,18101,365,,,0,26,,18127,365,,,0,66,,18120,365,,,0,26,,18103,365,,,0,23,,18118,365,,,0,67,,18106,365,,,0,25,,18129,365,,,0,64,,18126,313,,,0,31,,18108,365,,,0,69,,18110,365,,,0,48,,18113,365,,,0,71,,18100,365,,,0,85,,18128,365,,,0,34,,18111,365,,,0,67,,18104,365,,,0,28,,18131,365,,,0,69,,18130,365,,,0,32,,18134,365,,,0,72,,18117,365,,,0,27,,18133,365,,,0,74,,18125,365,,,0,26,,18119,365,,,0,66,,18107,365,,,0,27,,18102,365,,,0,24,,18112,365,,,0,63,,18135,365,,,0,93,,18132,365,,,0,23,,18123,365,,,0,90,,18121,365,,,0
5000,'55f98007-25ae-4999-903a-9517a72acc76',652,,18145,365,,,0,77,,18146,365,,,0,77,,18157,365,,,0,35,,18143,365,,,0,75,,18138,365,,,0,35,,18158,365,,,0,75,,18154,365,,,0,75,,18162,365,,,0,35,,18147,365,,,0,77,,18150,365,,,0,40,,18153,365,,,0,77,,18149,365,,,0,80,,18141,365,,,0,37,,18159,365,,,0,80,,18137,365,,,0,77,,18160,365,,,0,41,,18155,365,,,0,76,,18148,365,,,0,38,,18136,365,,,0,77,,18156,365,,,0,73,,18151,365,,,0,37,,18152,365,,,0,75,,18140,365,,,0,35,,18161,365,,,0,75,,18144,365,,,0
5000,'aebab1a8-3c1a-47f7-a9ad-73a4dd0b203e',951,,18167,365,,,0,76,,18165,365,,,0,74,,18181,365,,,0,34,,18171,365,,,0,75,,18164,365,,,0,35,,18170,365,,,0,76,,18179,365,,,0,34,,18177,365,,,0,76,,18166,365,,,0,74,,18178,365,,,0,36,,18168,365,,,0,74,,18173,365,,,0,36,,18175,365,,,0,74,,18180,365,,,0,76,,18169,365,,,0
6400,'29bb4b7a-5d7b-4f78-bccd-adce0636a676',1013,,18906,68,,,0,35,,18899,68,,,0,75,,18905,68,,,0,35,,18901,68,,,0,75,,18908,68,,,0,75,,18904,68,,,0,35,,18897,68,,,0,75,,18902,68,,,0,35,,18894,68,,,0,75,,18900,68,,,0,75,,18903,68,,,0,35,,18895,68,,,0,75,,18896,68,,,0,35,,18898,68,,,0,75,,18907,68,,,0,35,,18893,68,,,0
6400,'3d6b7334-041d-4cdf-b33e-9fc06607d92b',633,,18945,68,,,0,75,,18909,68,,,0,20,,18931,68,,,0,18,,18926,68,,,0,58,,18937,68,,,0,18,,18923,68,,,0,18,,18919,68,,,0,18,,18939,68,,,0,58,,18933,68,,,0,18,,18914,68,,,0,18,,18925,68,,,0,58,,18917,68,,,0,35,,18942,68,,,0,75,,18932,68,,,0,35,,18936,68,,,0,75,,18941,68,,,0,75,,18946,68,,,0,35,,18935,68,,,0,75,,18938,68,,,0,35,,18910,68,,,0,58,,18940,68,,,0,18,,18912,68,,,0,18,,18944,68,,,0,58,,18929,68,,,0,18,,18924,68,,,0,18,,18921,68,,,0,18,,18922,68,,,0,58,,18928,68,,,0,18,,18930,68,,,0,18,,18913,68,,,0,75,,18915,68,,,0,75,,18920,68,,,0,35,,18916,68,,,0,75,,18918,68,,,0,33,,18911,68,,,0,70,,18934,68,,,0,30,,18943,68,,,0,70,,18927,68,,,0
6400,'55f98007-25ae-4999-903a-9517a72acc76',633,,18968,68,,,0,75,,18967,68,,,0,35,,18963,68,,,0,80,,18957,68,,,0,80,,18966,68,,,0,40,,18956,68,,,0,75,,18953,68,,,0,35,,18955,68,,,0,75,,18954,68,,,0,75,,18964,68,,,0,35,,18948,68,,,0,75,,18950,68,,,0,35,,18959,68,,,0,75,,18965,68,,,0,35,,18949,68,,,0,75,,18951,68,,,0,75,,18970,68,,,0,40,,18962,68,,,0,80,,18947,68,,,0,80,,18971,68,,,0,40,,18958,68,,,0,75,,18952,68,,,0,35,,18961,68,,,0,75,,18969,68,,,0,75,,18973,68,,,0,35,,18972,68,,,0,75,,18960,68,,,0
6400,'aebab1a8-3c1a-47f7-a9ad-73a4dd0b203e',943,,18981,68,,,0,75,,18987,68,,,0,35,,18977,68,,,0,75,,18975,68,,,0,75,,18978,68,,,0,35,,18988,68,,,0,75,,18976,68,,,0,35,,18983,68,,,0,75,,18989,68,,,0,35,,18985,68,,,0,75,,18984,68,,,0,75,,18982,68,,,0,35,,18980,68,,,0,75,,18974,68,,,0,35,,18979,68,,,0,75,,18986,68,,,0
