9300,'3d6b7334-041d-4cdf-b33e-9fc06607d92b',650,,19230,74,,,0,93,,19228,74,,,0,99,,19235,74,,,0,97,,19220,74,,,0,96,,19225,74,,,0,96,,19236,74,,,0,96,,19221,74,,,0,96,,19232,74,,,0,96,,19231,74,,,0,96,,19233,74,,,0,98,,19226,74,,,0,98,,19222,74,,,0,98,,19224,74,,,0,50,,19223,74,,,0,90,,19229,74,,,0,90,,19234,74,,,0,89,,19227,75,,,0
9300,'55f98007-25ae-4999-903a-9517a72acc76',647,,19245,74,,,0,89,,19249,74,,,0,89,,19247,74,,,0,89,,19241,74,,,0,89,,19239,74,,,0,49,,19248,74,,,0,94,,19251,74,,,0,94,,19253,74,,,0,94,,19252,74,,,0,94,,19242,74,,,0,94,,19246,74,,,0,94,,19244,74,,,0,89,,19237,74,,,0,49,,19240,74,,,0,89,,19238,74,,,0,89,,19254,74,,,0,87,,19250,74,,,0,87,,19243,75,,,0
9300,'aebab1a8-3c1a-47f7-a9ad-73a4dd0b203e',947,,19260,74,,,0,89,,19265,74,,,0,89,,19264,74,,,0,89,,19261,74,,,0,89,,19256,74,,,0,49,,19263,74,,,0,89,,19262,74,,,0,89,,19258,74,,,0,89,,19259,74,,,0,89,,19255,74,,,0,49,,19257,75,,,0
9400,'3d6b7334-041d-4cdf-b33e-9fc06607d92b',630,,19279,0,,,0,91,,19279,294,4,,0,1,,19271,0,,,0,90,,19271,294,4,,0,1,,19277,0,,,0,92,,19277,294,4,,0,1,,19281,0,,,0,47,,19281,294,4,,0,1,,19267,0,,,0,87,,19267,294,4,,0,1,,19284,0,,,0,87,,19284,294,4,,0,1,,19278,0,,,0,87,,19278,294,4,,0,1,,19268,0,,,0,87,,19268,294,4,,0,1,,19282,0,,,0,47,,19282,294,4,,0,1,,19273,0,,,0,87,,19273,294,4,,0,1,,19274,0,,,0,87,,19274,294,4,,0,1,,19272,0,,,0,87,,19272,294,4,,0,3,,19276,0,,,0,87,,19276,294,4,,0,1,,19275,0,,,0,47,,19275,294,4,,0,1,,19280,0,,,0,87,,19280,294,4,,0,1,,19266,0,,,0,85,,19266,294,4,,0,1,,19270,0,,,0,84,,19270,294,4,,0,1,,19283,0,,,0,44,,19283,294,4,,0,41,,19269,0,,,0,45,,19269,294,4,,0
9400,'55f98007-25ae-4999-903a-9517a72acc76',630,,19295,0,,,0,83,,19295,294,4,,0,1,,19285,0,,,0,44,,19285,294,4,,0,1,,19299,0,,,0,84,,19299,294,4,,0,1,,19298,0,,,0,84,,19298,294,4,,0,2,,19287,0,,,0,84,,19287,294,4,,0,1,,19288,0,,,0,85,,19288,294,4,,0,1,,19292,0,,,0,46,,19292,294,4,,0,1,,19300,0,,,0,86,,19300,294,4,,0,1,,19302,0,,,0,86,,19302,294,4,,0,1,,19304,0,,,0,86,,19304,294,4,,0,1,,19303,0,,,0,46,,19303,294,4,,0,1,,19291,0,,,0,85,,19291,294,4,,0,1,,19290,0,,,0,84,,19290,294,4,,0,1,,19286,0,,,0,84,,19286,294,4,,0,1,,19294,0,,,0,44,,19294,294,4,,0,1,,19289,0,,,0,85,,19289,294,4,,0,1,,19293,0,,,0,85,,19293,294,4,,0,1,,19296,0,,,0,85,,19296,294,4,,0,1,,19301,0,,,0,85,,19301,294,4,,0,1,,19297,0,,,0,45,,19297,294,4,,0
9400,'aebab1a8-3c1a-47f7-a9ad-73a4dd0b203e',930,,19314,0,,,0,83,,19314,294,4,,0,1,,19313,0,,,0,44,,19313,294,4,,0,1,,19307,0,,,0,84,,19307,294,4,,0,1,,19305,0,,,0,85,,19305,294,4,,0,1,,19315,0,,,0,85,,19315,294,4,,0,1,,19306,0,,,0,85,,19306,294,4,,0,1,,19312,0,,,0,45,,19312,294,4,,0,1,,19308,0,,,0,85,,19308,294,4,,0,1,,19310,0,,,0,86,,19310,294,4,,0,1,,19309,0,,,0,86,,19309,294,4,,0,1,,19311,0,,,0,46,,19311,294,4,,0
9600,'3d6b7334-041d-4cdf-b33e-9fc06607d92b',630,,19319,0,,,0,82,,19319,173,4,,0,1,,19325,0,,,0,90,,19325,173,4,,0,1,,19318,0,,,0,50,,19318,173,4,,0,1,,19317,0,,,0,90,,19317,173,4,,0,1,,19332,0,,,0,90,,19332,173,4,,0,1,,19330,0,,,0,90,,19330,173,4,,0,1,,19327,0,,,0,90,,19327,173,4,,0,1,,19328,0,,,0,90,,19328,173,4,,0,1,,19326,0,,,0,90,,19326,173,4,,0,1,,19333,0,,,0,50,,19333,173,4,,0,1,,19322,0,,,0,90,,19322,173,4,,0,1,,19329,0,,,0,90,,19329,173,4,,0,1,,19334,0,,,0,91,,19334,173,4,,0,1,,19320,0,,,0,89,,19320,173,4,,0,1,,19331,0,,,0,43,,19331,173,4,,0,41,,19316,0,,,0,42,,19316,173,4,,0,1,,19321,0,,,0,82,,19321,173,4,,0,1,,19323,0,,,0,86,,19323,173,4,,0,1,,19324,0,,,0,46,,19324,173,4,,0
9600,'55f98007-25ae-4999-903a-9517a72acc76',630,,19349,0,,,0,81,,19349,173,4,,0,1,,19347,0,,,0,42,,19347,173,4,,0,1,,19336,0,,,0,82,,19336,173,4,,0,1,,19346,0,,,0,82,,19346,173,4,,0,1,,19352,0,,,0,82,,19352,173,4,,0,1,,19338,0,,,0,48,,19338,173,4,,0,1,,19335,0,,,0,88,,19335,173,4,,0,1,,19344,0,,,0,88,,19344,173,4,,0,1,,19341,0,,,0,88,,19341,173,4,,0,1,,19350,0,,,0,88,,19350,173,4,,0,1,,19353,0,,,0,47,,19353,173,4,,0,1,,19342,0,,,0,84,,19342,173,4,,0,1,,19348,0,,,0,82,,19348,173,4,,0,1,,19345,0,,,0,82,,19345,173,4,,0,1,,19343,0,,,0,42,,19343,173,4,,0,1,,19339,0,,,0,86,,19339,173,4,,0,1,,19340,0,,,0,86,,19340,173,4,,0,1,,19337,0,,,0,86,,19337,173,4,,0,1,,19354,0,,,0,46,,19354,173,4,,0,1,,19351,0,,,0,86,,19351,173,4,,0
9600,'aebab1a8-3c1a-47f7-a9ad-73a4dd0b203e',930,,19362,0,,,0,81,,19362,173,4,,0,1,,19363,0,,,0,42,,19363,173,4,,0,1,,19360,0,,,0,82,,19360,173,4,,0,1,,19359,0,,,0,87,,19359,173,4,,0,1,,19355,0,,,0,87,,19355,173,4,,0,1,,19364,0,,,0,87,,19364,173,4,,0,1,,19357,0,,,0,47,,19357,173,4,,0,1,,19358,0,,,0,87,,19358,173,4,,0,1,,19365,0,,,0,89,,19365,173,4,,0,1,,19361,0,,,0,89,,19361,173,4,,0,1,,19356,0,,,0,89,,19356,173,4,,0
9800,'3d6b7334-041d-4cdf-b33e-9fc06607d92b',647,,19377,0,,,0,67,,19377,113,4,,0,18,,19376,0,,,0,26,,19376,113,4,,0,58,,19381,0,,,0,26,,19381,113,4,,0,58,,19368,0,,,0,26,,19368,113,4,,0,18,,19380,0,,,0,66,,19380,113,4,,0,18,,19371,0,,,0,26,,19371,113,4,,0,58,,19384,0,,,0,26,,19384,113,4,,0,18,,19374,0,,,0,66,,19374,113,4,,0,18,,19385,0,,,0,66,,19385,113,4,,0,18,,19386,0,,,0,26,,19386,113,4,,0,58,,19383,0,,,0,26,,19383,113,4,,0,18,,19367,0,,,0,66,,19367,113,4,,0,21,,19373,0,,,0,67,,19373,113,4,,0,21,,19372,0,,,0,27,,19372,113,4,,0,61,,19370,0,,,0,27,,19370,113,4,,0,61,,19382,0,,,0,27,,19382,113,4,,0,18,,19369,0,,,0,66,,19369,113,4,,0,18,,19379,0,,,0,26,,19379,113,4,,0,58,,19375,0,,,0,26,,19375,113,4,,0,58,,19378,0,,,0,26,,19378,113,4,,0,18,,19366,0,,,0,66,,19366,113,4,,0
9800,'55f98007-25ae-4999-903a-9517a72acc76',647,,19406,0,,,0,66,,19406,113,4,,0,18,,19404,0,,,0,26,,19404,113,4,,0,58,,19400,0,,,0,26,,19400,113,4,,0,18,,19401,0,,,0,66,,19401,113,4,,0,18,,19393,0,,,0,66,,19393,113,4,,0,18,,19398,0,,,0,26,,19398,113,4,,0,58,,19389,0,,,0,26,,19389,113,4,,0,18,,19392,0,,,0,66,,19392,113,4,,0,18,,19405,0,,,0,66,,19405,113,4,,0,18,,19395,0,,,0,26,,19395,113,4,,0,58,,19396,0,,,0,26,,19396,113,4,,0,18,,19390,0,,,0,66,,19390,113,4,,0,18,,19394,0,,,0,66,,19394,113,4,,0,18,,19402,0,,,0,26,,19402,113,4,,0,58,,19403,0,,,0,26,,19403,113,4,,0,18,,19397,0,,,0,66,,19397,113,4,,0,18,,19391,0,,,0,26,,19391,113,4,,0,58,,19399,0,,,0,26,,19399,113,4,,0,18,,19407,0,,,0,66,,19407,113,4,,0,18,,19388,0,,,0,66,,19388,113,4,,0,18,,19387,0,,,0,26,,19387,113,4,,0
9800,'aebab1a8-3c1a-47f7-a9ad-73a4dd0b203e',947,,19419,0,,,0,66,,19419,113,4,,0,18,,19417,0,,,0,26,,19417,113,4,,0,58,,19408,0,,,0,26,,19408,113,4,,0,18,,19416,0,,,0,66,,19416,113,4,,0,18,,19411,0,,,0,66,,19411,113,4,,0,18,,19412,0,,,0,26,,19412,113,4,,0,58,,19414,0,,,0,26,,19414,113,4,,0,18,,19413,0,,,0,66,,19413,113,4,,0,18,,19409,0,,,0,66,,19409,113,4,,0,18,,19410,0,,,0,26,,19410,113,4,,0,58,,19418,0,,,0,26,,19418,113,4,,0,18,,19415,0,,,0,66,,19415,113,4,,0
9801,'3d6b7334-041d-4cdf-b33e-9fc06607d92b',630,,19430,0,,,0,16,,19430,72,4,,0,69,,19440,0,,,0,16,,19440,72,4,,0,28,,19424,0,,,0,56,,19424,72,4,,0,28,,19439,0,,,0,16,,19439,72,4,,0,68,,19437,0,,,0,16,,19437,72,4,,0,68,,19432,0,,,0,16,,19432,72,4,,0,28,,19438,0,,,0,56,,19438,72,4,,0,28,,19422,0,,,0,16,,19422,72,4,,0,68,,19426,0,,,0,16,,19426,72,4,,0,68,,19427,0,,,0,16,,19427,72,4,,0,28,,19434,0,,,0,56,,19434,72,4,,0,28,,19433,0,,,0,16,,19433,72,4,,0,68,,19425,0,,,0,19,,19425,72,4,,0,69,,19429,0,,,0,19,,19429,72,4,,0,29,,19421,0,,,0,59,,19421,72,4,,0,29,,19423,0,,,0,59,,19423,72,4,,0,29,,19436,0,,,0,16,,19436,72,4,,0,68,,19428,0,,,0,16,,19428,72,4,,0,28,,19435,0,,,0,56,,19435,72,4,,0,28,,19420,0,,,0,16,,19420,72,4,,0,68,,19431,0,,,0,16,,19431,72,4,,0
9801,'55f98007-25ae-4999-903a-9517a72acc76',630,,19461,0,,,0,16,,19461,72,4,,0,68,,19447,0,,,0,16,,19447,72,4,,0,28,,19451,0,,,0,56,,19451,72,4,,0,28,,19444,0,,,0,16,,19444,72,4,,0,68,,19452,0,,,0,16,,19452,72,4,,0,68,,19443,0,,,0,16,,19443,72,4,,0,28,,19456,0,,,0,56,,19456,72,4,,0,28,,19453,0,,,0,16,,19453,72,4,,0,68,,19442,0,,,0,16,,19442,72,4,,0,68,,19457,0,,,0,16,,19457,72,4,,0,28,,19458,0,,,0,56,,19458,72,4,,0,28,,19459,0,,,0,16,,19459,72,4,,0,68,,19455,0,,,0,16,,19455,72,4,,0,68,,19449,0,,,0,16,,19449,72,4,,0,28,,19446,0,,,0,56,,19446,72,4,,0,28,,19448,0,,,0,16,,19448,72,4,,0,68,,19445,0,,,0,16,,19445,72,4,,0,28,,19454,0,,,0,56,,19454,72,4,,0,28,,19450,0,,,0,16,,19450,72,4,,0,68,,19460,0,,,0,16,,19460,72,4,,0,68,,19441,0,,,0,16,,19441,72,4,,0
9801,'aebab1a8-3c1a-47f7-a9ad-73a4dd0b203e',930,,19466,0,,,0,16,,19466,72,4,,0,68,,19472,0,,,0,16,,19472,72,4,,0,28,,19468,0,,,0,56,,19468,72,4,,0,28,,19470,0,,,0,16,,19470,72,4,,0,68,,19464,0,,,0,16,,19464,72,4,,0,68,,19469,0,,,0,16,,19469,72,4,,0,28,,19473,0,,,0,56,,19473,72,4,,0,28,,19465,0,,,0,16,,19465,72,4,,0,68,,19471,0,,,0,16,,19471,72,4,,0,68,,19467,0,,,0,16,,19467,72,4,,0,28,,19462,0,,,0,56,,19462,72,4,,0,28,,19463,0,,,0,16,,19463,72,4,,0
1009400,'3d6b7334-041d-4cdf-b33e-9fc06607d92b',652,,19478,115,,,0,86,,19483,115,,,0,87,,19493,115,,,0,88,,19485,115,,,0,87,,19490,115,,,0,45,,19491,115,,,0,85,,19480,115,,,0,85,,19479,115,,,0,85,,19475,115,,,0,45,,19474,115,,,0,85,,19492,115,,,0,85,,19484,115,,,0,85,,19486,115,,,0,45,,19477,115,,,0,86,,19476,115,,,0,84,,19489,115,,,0,44,,19487,115,,,0,83,,19494,115,,,0,83,,19481,115,,,0,83,,19482,115,,,0,43,,19488,116,,,0
1009400,'55f98007-25ae-4999-903a-9517a72acc76',652,,19507,115,,,0,83,,19504,115,,,0,83,,19499,115,,,0,83,,19511,115,,,0,43,,19513,115,,,0,84,,19508,115,,,0,85,,19506,115,,,0,45,,19498,115,,,0,85,,19495,115,,,0,85,,19510,115,,,0,85,,19509,115,,,0,44,,19515,115,,,0,83,,19496,115,,,0,83,,19505,115,,,0,83,,19501,115,,,0,43,,19514,115,,,0,83,,19500,115,,,0,83,,19502,115,,,0,43,,19497,115,,,0,83,,19503,115,,,0,83,,19512,115,,,0
1009400,'aebab1a8-3c1a-47f7-a9ad-73a4dd0b203e',952,,19516,115,,,0,83,,19523,115,,,0,83,,19518,115,,,0,84,,19522,115,,,0,44,,19525,115,,,0,84,,19524,115,,,0,84,,19519,115,,,0,44,,19527,115,,,0,84,,19517,115,,,0,84,,19521,115,,,0,84,,19526,115,,,0,44,,19520,115,,,0
1009600,'3d6b7334-041d-4cdf-b33e-9fc06607d92b',655,,19537,157,,,0,85,,19531,157,,,0,85,,19547,157,,,0,85,,19546,157,,,0,42,,19533,157,,,0,82,,19532,157,,,0,82,,19534,157,,,0,43,,19542,157,,,0,83,,19543,157,,,0,83,,19539,157,,,0,83,,19538,157,,,0,43,,19529,157,,,0,83,,19548,157,,,0,84,,19540,157,,,0,86,,19528,157,,,0,44,,19544,157,,,0,84,,19545,157,,,0,82,,19535,157,,,0,42,,19536,157,,,0,82,,19530,157,,,0,80,,19541,157,,,0
1009600,'55f98007-25ae-4999-903a-9517a72acc76',652,,19565,157,,,0,81,,19564,157,,,0,82,,19560,157,,,0,42,,19557,157,,,0,82,,19549,157,,,0,84,,19562,157,,,0,84,,19558,157,,,0,44,,19569,157,,,0,84,,19566,157,,,0,84,,19556,157,,,0,84,,19563,157,,,0,42,,19561,157,,,0,82,,19570,157,,,0,82,,19555,157,,,0,42,,19552,157,,,0,82,,19554,157,,,0,80,,19550,157,,,0,40,,19568,157,,,0,80,,19553,157,,,0,80,,19559,157,,,0,40,,19567,157,,,0,79,,19551,157,,,0
1009600,'aebab1a8-3c1a-47f7-a9ad-73a4dd0b203e',952,,19576,157,,,0,81,,19573,157,,,0,82,,19582,157,,,0,43,,19571,157,,,0,84,,19575,157,,,0,84,,19583,157,,,0,84,,19580,157,,,0,44,,19572,157,,,0,83,,19581,157,,,0,80,,19579,157,,,0,40,,19578,157,,,0,80,,19577,157,,,0,80,,19574,157,,,0
