5103,'29bb4b7a-5d7b-4f78-bccd-adce0636a676',1029,,18195,183,4,,0,75,,18194,183,4,,0,35,,18186,183,4,,0,75,,18189,183,4,,0,35,,18185,183,4,,0,75,,18190,183,4,,0,35,,18196,183,4,,0,75,,18191,183,4,,0,75,,18188,183,4,,0,35,,18192,183,4,,0,75,,18197,183,4,,0,35,,18183,183,4,,0,75,,18187,183,4,,0,75,,18184,183,4,,0,35,,18182,183,4,,0
5103,'3d6b7334-041d-4cdf-b33e-9fc06607d92b',601,,18240,183,4,,0,13,,18244,183,4,,0,13,,18262,183,4,,0,14,,18237,183,4,,0,14,,18207,183,4,,0,61,,18212,183,4,,0,12,,18224,183,4,,0,16,,18216,183,4,,0,56,,18243,183,4,,0,16,,18238,183,4,,0,18,,18260,183,4,,0,15,,18215,183,4,,0,53,,18252,183,4,,0,14,,18250,183,4,,0,17,,18205,183,4,,0,17,,18228,183,4,,0,57,,18267,183,4,,0,17,,18232,183,4,,0,16,,18200,183,4,,0,14,,18254,183,4,,0,55,,18219,183,4,,0,15,,18202,183,4,,0,16,,18229,183,4,,0,16,,18234,183,4,,0,53,,18259,183,4,,0,13,,18233,183,4,,0,12,,18253,183,4,,0,11,,18246,183,4,,0,56,,18251,183,4,,0,16,,18255,183,4,,0,16,,18201,183,4,,0,16,,18256,183,4,,0,52,,18221,183,4,,0,11,,18242,183,4,,0,20,,18258,183,4,,0,14,,18214,183,4,,0,54,,18227,183,4,,0,14,,18220,183,4,,0,14,,18203,183,4,,0,15,,18226,183,4,,0,15,,18273,183,4,,0,56,,18268,183,4,,0,15,,18272,183,4,,0,15,,18209,183,4,,0,14,,18222,183,4,,0,54,,18211,183,4,,0,14,,18231,183,4,,0,15,,18213,183,4,,0,14,,18225,183,4,,0,56,,18261,183,4,,0,15,,18271,183,4,,0,15,,18236,183,4,,0,14,,18248,183,4,,0,54,,18199,183,4,,0,12,,18230,183,4,,0,23,,18208,183,4,,0,15,,18265,183,4,,0,58,,18266,183,4,,0,14,,18239,183,4,,0,14,,18269,183,4,,0,14,,18249,183,4,,0,54,,18218,183,4,,0,11,,18217,183,4,,0,16,,18241,183,4,,0,17,,18264,183,4,,0,55,,18198,183,4,,0,14,,18245,183,4,,0,14,,18235,183,4,,0,14,,18257,183,4,,0,50,,18223,183,4,,0,15,,18263,183,4,,0,14,,18247,183,4,,0
5103,'55f98007-25ae-4999-903a-9517a72acc76',618,,18325,183,4,,0,15,,18305,183,4,,0,15,,18274,183,4,,0,53,,18311,183,4,,0,14,,18296,183,4,,0,18,,18341,183,4,,0,15,,18287,183,4,,0,55,,18338,183,4,,0,15,,18300,183,4,,0,15,,18290,183,4,,0,17,,18286,183,4,,0,58,,18339,183,4,,0,18,,18280,183,4,,0,16,,18316,183,4,,0,15,,18293,183,4,,0,55,,18302,183,4,,0,22,,18285,183,4,,0,18,,18318,183,4,,0,58,,18317,183,4,,0,16,,18326,183,4,,0,16,,18312,183,4,,0,12,,18329,183,4,,0,52,,18313,183,4,,0,12,,18291,183,4,,0,23,,18337,183,4,,0,59,,18301,183,4,,0,19,,18295,183,4,,0,16,,18283,183,4,,0,16,,18288,183,4,,0,56,,18303,183,4,,0,18,,18294,183,4,,0,16,,18321,183,4,,0,16,,18328,183,4,,0,58,,18332,183,4,,0,16,,18304,183,4,,0,17,,18298,183,4,,0,56,,18284,183,4,,0,18,,18322,183,4,,0,16,,18340,183,4,,0,16,,18319,183,4,,0,60,,18281,183,4,,0,15,,18276,183,4,,0,16,,18307,183,4,,0,56,,18299,183,4,,0,15,,18343,183,4,,0,17,,18275,183,4,,0,17,,18292,183,4,,0,58,,18342,183,4,,0,18,,18306,183,4,,0,16,,18309,183,4,,0,14,,18323,183,4,,0,57,,18279,183,4,,0,17,,18335,183,4,,0,18,,18336,183,4,,0,58,,18278,183,4,,0,16,,18314,183,4,,0,15,,18310,183,4,,0,16,,18331,183,4,,0,57,,18320,183,4,,0,17,,18324,183,4,,0,18,,18308,183,4,,0,56,,18289,183,4,,0,17,,18315,183,4,,0,12,,18330,183,4,,0,14,,18277,183,4,,0
5103,'aebab1a8-3c1a-47f7-a9ad-73a4dd0b203e',931,,18344,183,4,,0,20,,18351,183,4,,0,52,,18363,183,4,,0,28,,18356,183,4,,0,20,,18370,183,4,,0,58,,18364,183,4,,0,18,,18367,183,4,,0,18,,18373,183,4,,0,58,,18361,183,4,,0,20,,18369,183,4,,0,18,,18345,183,4,,0,18,,18366,183,4,,0,58,,18347,183,4,,0,18,,18374,183,4,,0,18,,18368,183,4,,0,62,,18354,183,4,,0,18,,18355,183,4,,0,18,,18362,183,4,,0,58,,18360,183,4,,0,18,,18375,183,4,,0,18,,18348,183,4,,0,60,,18349,183,4,,0,20,,18346,183,4,,0,19,,18365,183,4,,0,58,,18359,183,4,,0,18,,18372,183,4,,0,18,,18358,183,4,,0,19,,18352,183,4,,0,52,,18371,183,4,,0,20,,18350,183,4,,0
5104,'29bb4b7a-5d7b-4f78-bccd-adce0636a676',1029,,18391,0,0,9 1 10,0,75,,18381,0,0,9 1 10,0,35,,18377,0,0,9 1 10,0,75,,18390,0,0,9 1 10,0,35,,18386,0,0,9 1 10,0,75,,18379,0,0,9 1 10,0,35,,18382,0,0,9 1 10,0,75,,18376,0,0,9 1 10,0,75,,18387,0,0,9 1 10,0,35,,18384,0,0,9 1 10,0,75,,18378,0,0,9 1 10,0,35,,18380,0,0,9 1 10,0,75,,18389,0,0,9 1 10,0,75,,18383,0,0,9 1 10,0,35,,18388,0,0,9 1 10,0
5104,'3d6b7334-041d-4cdf-b33e-9fc06607d92b',601,,18398,0,0,9 1 10,0,13,,18445,0,0,9 1 10,0,13,,18448,0,0,9 1 10,0,14,,18400,0,0,9 1 10,0,14,,18415,0,0,9 1 10,0,61,,18416,0,0,9 1 10,0,12,,18426,0,0,9 1 10,0,16,,18456,0,0,9 1 10,0,56,,18449,0,0,9 1 10,0,16,,18460,0,0,9 1 10,0,18,,18428,0,0,9 1 10,0,15,,18414,0,0,9 1 10,0,53,,18468,0,0,9 1 10,0,14,,18408,0,0,9 1 10,0,17,,18447,0,0,9 1 10,0,17,,18431,0,0,9 1 10,0,57,,18427,0,0,9 1 10,0,17,,18464,0,0,9 1 10,0,16,,18466,0,0,9 1 10,0,14,,18418,0,0,9 1 10,0,55,,18429,0,0,9 1 10,0,15,,18452,0,0,9 1 10,0,16,,18446,0,0,9 1 10,0,16,,18459,0,0,9 1 10,0,53,,18402,0,0,9 1 10,0,13,,18463,0,0,9 1 10,0,12,,18434,0,0,9 1 10,0,11,,18392,0,0,9 1 10,0,56,,18457,0,0,9 1 10,0,16,,18462,0,0,9 1 10,0,16,,18403,0,0,9 1 10,0,16,,18424,0,0,9 1 10,0,52,,18437,0,0,9 1 10,0,11,,18443,0,0,9 1 10,0,20,,18438,0,0,9 1 10,0,14,,18399,0,0,9 1 10,0,54,,18461,0,0,9 1 10,0,14,,18441,0,0,9 1 10,0,14,,18396,0,0,9 1 10,0,15,,18435,0,0,9 1 10,0,15,,18433,0,0,9 1 10,0,56,,18419,0,0,9 1 10,0,15,,18412,0,0,9 1 10,0,15,,18413,0,0,9 1 10,0,14,,18451,0,0,9 1 10,0,54,,18453,0,0,9 1 10,0,14,,18395,0,0,9 1 10,0,15,,18467,0,0,9 1 10,0,14,,18421,0,0,9 1 10,0,56,,18393,0,0,9 1 10,0,15,,18422,0,0,9 1 10,0,15,,18397,0,0,9 1 10,0,14,,18432,0,0,9 1 10,0,54,,18430,0,0,9 1 10,0,12,,18394,0,0,9 1 10,0,23,,18454,0,0,9 1 10,0,15,,18406,0,0,9 1 10,0,58,,18469,0,0,9 1 10,0,14,,18465,0,0,9 1 10,0,14,,18458,0,0,9 1 10,0,14,,18425,0,0,9 1 10,0,54,,18455,0,0,9 1 10,0,11,,18436,0,0,9 1 10,0,16,,18404,0,0,9 1 10,0,17,,18423,0,0,9 1 10,0,55,,18439,0,0,9 1 10,0,14,,18409,0,0,9 1 10,0,14,,18450,0,0,9 1 10,0,14,,18411,0,0,9 1 10,0,50,,18442,0,0,9 1 10,0,15,,18420,0,0,9 1 10,0,14,,18410,0,0,9 1 10,0
5104,'55f98007-25ae-4999-903a-9517a72acc76',603,,18534,0,0,9 1 10,0,15,,18526,0,0,9 1 10,0,15,,18516,0,0,9 1 10,0,15,,18498,0,0,9 1 10,0,53,,18519,0,0,9 1 10,0,14,,18506,0,0,9 1 10,0,18,,18529,0,0,9 1 10,0,15,,18527,0,0,9 1 10,0,55,,18515,0,0,9 1 10,0,15,,18489,0,0,9 1 10,0,15,,18474,0,0,9 1 10,0,17,,18523,0,0,9 1 10,0,58,,18479,0,0,9 1 10,0,18,,18530,0,0,9 1 10,0,16,,18520,0,0,9 1 10,0,15,,18500,0,0,9 1 10,0,55,,18488,0,0,9 1 10,0,22,,18472,0,0,9 1 10,0,18,,18533,0,0,9 1 10,0,58,,18531,0,0,9 1 10,0,16,,18477,0,0,9 1 10,0,16,,18518,0,0,9 1 10,0,12,,18512,0,0,9 1 10,0,52,,18517,0,0,9 1 10,0,12,,18471,0,0,9 1 10,0,23,,18486,0,0,9 1 10,0,59,,18514,0,0,9 1 10,0,19,,18536,0,0,9 1 10,0,16,,18475,0,0,9 1 10,0,16,,18495,0,0,9 1 10,0,56,,18485,0,0,9 1 10,0,18,,18537,0,0,9 1 10,0,16,,18528,0,0,9 1 10,0,16,,18524,0,0,9 1 10,0,58,,18478,0,0,9 1 10,0,16,,18481,0,0,9 1 10,0,17,,18496,0,0,9 1 10,0,56,,18494,0,0,9 1 10,0,18,,18507,0,0,9 1 10,0,16,,18476,0,0,9 1 10,0,16,,18484,0,0,9 1 10,0,60,,18505,0,0,9 1 10,0,15,,18503,0,0,9 1 10,0,16,,18473,0,0,9 1 10,0,56,,18497,0,0,9 1 10,0,15,,18508,0,0,9 1 10,0,17,,18499,0,0,9 1 10,0,17,,18504,0,0,9 1 10,0,58,,18483,0,0,9 1 10,0,18,,18480,0,0,9 1 10,0,16,,18487,0,0,9 1 10,0,14,,18510,0,0,9 1 10,0,57,,18535,0,0,9 1 10,0,17,,18501,0,0,9 1 10,0,18,,18532,0,0,9 1 10,0,58,,18470,0,0,9 1 10,0,16,,18511,0,0,9 1 10,0,15,,18522,0,0,9 1 10,0,16,,18513,0,0,9 1 10,0,57,,18492,0,0,9 1 10,0,17,,18521,0,0,9 1 10,0,18,,18525,0,0,9 1 10,0,56,,18490,0,0,9 1 10,0,17,,18509,0,0,9 1 10,0,12,,18502,0,0,9 1 10,0
5104,'aebab1a8-3c1a-47f7-a9ad-73a4dd0b203e',913,,18566,0,0,9 1 10,0,18,,18559,0,0,9 1 10,0,20,,18555,0,0,9 1 10,0,52,,18552,0,0,9 1 10,0,28,,18557,0,0,9 1 10,0,20,,18564,0,0,9 1 10,0,58,,18541,0,0,9 1 10,0,18,,18551,0,0,9 1 10,0,18,,18561,0,0,9 1 10,0,58,,18554,0,0,9 1 10,0,20,,18539,0,0,9 1 10,0,18,,18538,0,0,9 1 10,0,18,,18542,0,0,9 1 10,0,58,,18569,0,0,9 1 10,0,18,,18546,0,0,9 1 10,0,18,,18568,0,0,9 1 10,0,62,,18567,0,0,9 1 10,0,18,,18553,0,0,9 1 10,0,18,,18550,0,0,9 1 10,0,58,,18545,0,0,9 1 10,0,18,,18556,0,0,9 1 10,0,18,,18565,0,0,9 1 10,0,60,,18558,0,0,9 1 10,0,20,,18543,0,0,9 1 10,0,19,,18560,0,0,9 1 10,0,58,,18562,0,0,9 1 10,0,18,,18540,0,0,9 1 10,0,18,,18549,0,0,9 1 10,0,19,,18544,0,0,9 1 10,0,52,,18547,0,0,9 1 10,0,20,,18563,0,0,9 1 10,0
6200,'29bb4b7a-5d7b-4f78-bccd-adce0636a676',1020,,18754,66,,,0,35,,18755,66,,,0,75,,18756,66,,,0,75,,18747,66,,,0,35,,18759,66,,,0,75,,18750,66,,,0,35,,18760,66,,,0,75,,18751,66,,,0,75,,18753,66,,,0,35,,18748,66,,,0,75,,18749,66,,,0,35,,18758,66,,,0,75,,18761,66,,,0,35,,18757,66,,,0,75,,18752,66,,,0
6200,'3d6b7334-041d-4cdf-b33e-9fc06607d92b',620,,18779,66,,,0,81,,18765,66,,,0,41,,18777,66,,,0,81,,18767,66,,,0,81,,18766,66,,,0,41,,18775,66,,,0,81,,18783,66,,,0,81,,18774,66,,,0,41,,18764,66,,,0,81,,18770,66,,,0,81,,18763,66,,,0,41,,18768,66,,,0,81,,18786,66,,,0,81,,18782,66,,,0,46,,18785,66,,,0,86,,18781,66,,,0,86,,18769,66,,,0,86,,18771,66,,,0,86,,18772,66,,,0,41,,18762,66,,,0,81,,18780,66,,,0,81,,18773,66,,,0,41,,18776,66,,,0,81,,18784,66,,,0,81,,18778,66,,,0
6200,'55f98007-25ae-4999-903a-9517a72acc76',620,,18791,66,,,0,81,,18796,66,,,0,41,,18793,66,,,0,81,,18804,66,,,0,81,,18808,66,,,0,41,,18807,66,,,0,81,,18809,66,,,0,81,,18810,66,,,0,41,,18797,66,,,0,81,,18799,66,,,0,81,,18811,66,,,0,41,,18802,66,,,0,81,,18790,66,,,0,81,,18795,66,,,0,46,,18803,66,,,0,86,,18806,66,,,0,86,,18801,66,,,0,86,,18798,66,,,0,86,,18792,66,,,0,41,,18789,66,,,0,81,,18800,66,,,0,81,,18787,66,,,0,41,,18805,66,,,0,81,,18794,66,,,0,81,,18788,66,,,0
6200,'aebab1a8-3c1a-47f7-a9ad-73a4dd0b203e',1025,,18820,66,,,0,81,,18815,66,,,0,41,,18821,66,,,0,81,,18823,66,,,0,81,,18816,66,,,0,41,,18817,66,,,0,81,,18818,66,,,0,81,,18822,66,,,0,41,,18813,66,,,0,81,,18812,66,,,0,81,,18814,66,,,0,41,,18819,66,,,0
