6000,'29bb4b7a-5d7b-4f78-bccd-adce0636a676',1000,,18571,2,,,0,35,,18583,2,,,0,75,,18582,2,,,0,35,,18573,2,,,0,75,,18570,2,,,0,35,,18572,2,,,0,75,,18584,2,,,0,75,,18578,2,,,0,35,,18580,2,,,0,75,,18577,2,,,0,35,,18579,2,,,0,75,,18574,2,,,0,75,,18576,2,,,0,35,,18581,2,,,0,75,,18585,2,,,0,35,,18575,2,,,0
6000,'3d6b7334-041d-4cdf-b33e-9fc06607d92b',625,,18606,2,,,0,75,,18588,2,,,0,35,,18599,2,,,0,80,,18586,2,,,0,40,,18609,2,,,0,80,,18591,2,,,0,80,,18607,2,,,0,40,,18596,2,,,0,80,,18602,2,,,0,80,,18603,2,,,0,40,,18590,2,,,0,80,,18608,2,,,0,80,,18598,2,,,0,40,,18604,2,,,0,80,,18592,2,,,0,80,,18593,2,,,0,40,,18610,2,,,0,80,,18600,2,,,0,80,,18611,2,,,0,40,,18601,2,,,0,75,,18605,2,,,0,75,,18595,2,,,0,35,,18587,2,,,0,75,,18589,2,,,0,35,,18597,2,,,0
6000,'55f98007-25ae-4999-903a-9517a72acc76',625,,18626,2,,,0,75,,18612,2,,,0,35,,18624,2,,,0,80,,18620,2,,,0,40,,18627,2,,,0,80,,18629,2,,,0,80,,18635,2,,,0,40,,18625,2,,,0,80,,18621,2,,,0,80,,18631,2,,,0,40,,18634,2,,,0,80,,18630,2,,,0,80,,18628,2,,,0,40,,18637,2,,,0,80,,18613,2,,,0,80,,18618,2,,,0,40,,18622,2,,,0,80,,18633,2,,,0,80,,18616,2,,,0,40,,18617,2,,,0,75,,18615,2,,,0,75,,18619,2,,,0,35,,18632,2,,,0,75,,18614,2,,,0,35,,18623,2,,,0
6000,'aebab1a8-3c1a-47f7-a9ad-73a4dd0b203e',920,,18648,2,,,0,35,,18651,2,,,0,75,,18650,2,,,0,75,,18643,2,,,0,35,,18646,2,,,0,75,,18642,2,,,0,35,,18652,2,,,0,75,,18638,2,,,0,75,,18644,2,,,0,35,,18641,2,,,0,75,,18639,2,,,0,35,,18647,2,,,0,75,,18640,2,,,0,35,,18649,2,,,0,75,,18645,2,,,0
6400,'29bb4b7a-5d7b-4f78-bccd-adce0636a676',1000,,18906,1,,,0,35,,18899,1,,,0,75,,18905,1,,,0,35,,18901,1,,,0,75,,18908,1,,,0,35,,18904,1,,,0,75,,18897,1,,,0,75,,18902,1,,,0,35,,18894,1,,,0,75,,18900,1,,,0,35,,18903,1,,,0,75,,18895,1,,,0,75,,18896,1,,,0,35,,18898,1,,,0,75,,18907,1,,,0,35,,18893,1,,,0
6400,'3d6b7334-041d-4cdf-b33e-9fc06607d92b',620,,18945,1,,,0,35,,18909,1,,,0,58,,18931,1,,,0,18,,18926,1,,,0,18,,18937,1,,,0,58,,18923,1,,,0,18,,18919,1,,,0,18,,18939,1,,,0,58,,18933,1,,,0,18,,18914,1,,,0,18,,18925,1,,,0,18,,18917,1,,,0,75,,18942,1,,,0,75,,18932,1,,,0,35,,18936,1,,,0,75,,18941,1,,,0,35,,18946,1,,,0,75,,18935,1,,,0,75,,18938,1,,,0,35,,18910,1,,,0,18,,18940,1,,,0,58,,18912,1,,,0,18,,18944,1,,,0,18,,18929,1,,,0,58,,18924,1,,,0,18,,18921,1,,,0,18,,18922,1,,,0,18,,18928,1,,,0,58,,18930,1,,,0,18,,18913,1,,,0,75,,18915,1,,,0,35,,18920,1,,,0,75,,18916,1,,,0,35,,18918,1,,,0,75,,18911,1,,,0,70,,18934,1,,,0,30,,18943,1,,,0,70,,18927,1,,,0
6400,'55f98007-25ae-4999-903a-9517a72acc76',620,,18968,1,,,0,35,,18967,1,,,0,75,,18963,1,,,0,80,,18957,1,,,0,40,,18966,1,,,0,80,,18956,1,,,0,75,,18953,1,,,0,35,,18955,1,,,0,75,,18954,1,,,0,35,,18964,1,,,0,75,,18948,1,,,0,75,,18950,1,,,0,35,,18959,1,,,0,75,,18965,1,,,0,35,,18949,1,,,0,75,,18951,1,,,0,35,,18970,1,,,0,80,,18962,1,,,0,80,,18947,1,,,0,40,,18971,1,,,0,80,,18958,1,,,0,75,,18952,1,,,0,35,,18961,1,,,0,75,,18969,1,,,0,35,,18973,1,,,0,75,,18972,1,,,0,75,,18960,1,,,0
6400,'aebab1a8-3c1a-47f7-a9ad-73a4dd0b203e',930,,18981,1,,,0,75,,18987,1,,,0,35,,18977,1,,,0,75,,18975,1,,,0,35,,18978,1,,,0,75,,18988,1,,,0,75,,18976,1,,,0,35,,18983,1,,,0,75,,18989,1,,,0,35,,18985,1,,,0,75,,18984,1,,,0,35,,18982,1,,,0,75,,18980,1,,,0,75,,18974,1,,,0,35,,18979,1,,,0,75,,18986,1,,,0
6800,'3d6b7334-041d-4cdf-b33e-9fc06607d92b',631,,19126,10,,,0,70,,19115,10,,,0,30,,19123,10,,,0,70,,19124,10,,,0,30,,19121,10,,,0,112,,19116,10,,,0,100,,19127,10,,,0,488,,19122,10,,,0,70,,19118,10,,,0,30,,19120,10,,,0,70,,19125,10,,,0,30,,19129,10,,,0,90,,19128,10,,,0,100,,19117,10,,,0,100,,19119,10,,,0
6800,'55f98007-25ae-4999-903a-9517a72acc76',701,,19130,10,,,0,100,,19137,10,,,0,100,,19134,10,,,0,100,,19136,10,,,0,600,,19135,10,,,0,100,,19131,10,,,0,100,,19133,10,,,0,100,,19138,10,,,0,100,,19132,10,,,0
6800,'aebab1a8-3c1a-47f7-a9ad-73a4dd0b203e',1001,,19143,10,,,0,200,,19142,10,,,0,200,,19141,10,,,0,200,,19140,10,,,0,200,,19139,10,,,0
8100,'29bb4b7a-5d7b-4f78-bccd-adce0636a676',1016,,19152,8,,,0,100,,19151,8,,,0,100,,19146,8,,,0,100,,19150,8,,,0,100,,19149,8,,,0,100,,19147,8,,,0,100,,19145,8,,,0,100,,19148,8,,,0,100,,19144,8,,,0
8100,'3d6b7334-041d-4cdf-b33e-9fc06607d92b',2131,,19153,8,,,0
8100,'55f98007-25ae-4999-903a-9517a72acc76',631,,19160,8,,,0,100,,19154,8,,,0,100,,19157,8,,,0,200,,19162,8,,,0,100,,19159,8,,,0,100,,19156,8,,,0,200,,19155,8,,,0,100,,19158,8,,,0,100,,19166,8,,,0,100,,19164,8,,,0,100,,19167,8,,,0,100,,19165,8,,,0,100,,19161,8,,,0,100,,19163,8,,,0
8100,'aebab1a8-3c1a-47f7-a9ad-73a4dd0b203e',1031,,19169,8,,,0,100,,19170,8,,,0,200,,19168,8,,,0,100,,19174,8,,,0,100,,19172,8,,,0,100,,19173,8,,,0,100,,19171,8,,,0
8200,'55f98007-25ae-4999-903a-9517a72acc76',931,,19176,8,,,0,400,,19175,8,,,0
8200,'aebab1a8-3c1a-47f7-a9ad-73a4dd0b203e',1231,,19177,8,,,0
8600,'3d6b7334-041d-4cdf-b33e-9fc06607d92b',546,,19202,9,,,0,75,,19199,9,,,0,35,,19217,9,,,0,75,,19212,9,,,0,80,,19218,9,,,0,40,,19214,9,,,0,80,,19210,9,,,0,75,,19206,9,,,0,35,,19213,9,,,0,75,,19198,9,,,0,35,,19215,9,,,0,75,,19219,9,,,0,75,,19200,9,,,0,35,,19201,9,,,0,75,,19203,9,,,0,35,,19211,9,,,0,75,,19194,9,,,0,35,,19197,9,,,0,75,,19205,9,,,0,80,,19208,9,,,0,40,,19207,9,,,0,80,,19204,9,,,0,75,,19195,9,,,0,35,,19209,9,,,0,75,,19196,9,,,0,35,,19216,10,,,0
