1600,'3d6b7334-041d-4cdf-b33e-9fc06607d92b',645,,18052,0,,,0,70,,18052,159,4,,0,35,,18041,159,4,,0,75,,18039,159,4,,0,30,,18055,0,,,0,70,,18055,159,4,,0,30,,18045,159,4,,0,70,,18035,159,4,,0,30,,18036,0,,,0,70,,18036,159,4,,0,30,,18047,0,,,0,80,,18044,0,,,0,75,,18044,159,4,,0,35,,18046,0,,,0,75,,18046,159,4,,0,35,,18030,0,,,0,75,,18030,159,4,,0,75,,18042,0,,,0,40,,18049,0,,,0,80,,18049,159,4,,0,80,,18053,0,,,0,30,,18053,159,4,,0,70,,18038,159,4,,0,30,,18050,0,,,0,70,,18050,159,4,,0,30,,18051,0,,,0,70,,18051,159,4,,0,30,,18043,170,4,,0
1600,'55f98007-25ae-4999-903a-9517a72acc76',1130,,18059,0,,,0,75,,18064,0,,,0,35,,18061,0,,,0,75,,18061,159,4,,0,35,,18062,159,4,,0,75,,18060,0,,,0,75,,18060,159,4,,0,35,,18067,159,4,,0,75,,18057,0,,,0,35,,18057,159,4,,0,75,,18063,0,,,0,35,,18063,159,4,,0,75,,18056,0,,,0,75,,18056,170,4,,0
1600,'aebab1a8-3c1a-47f7-a9ad-73a4dd0b203e',1020,,18077,0,,,0,35,,18075,0,,,0,75,,18079,0,,,0,75,,18079,159,4,,0,35,,18073,0,,,0,75,,18073,159,4,,0,35,,18069,159,4,,0,75,,18080,159,4,,0,75,,18070,0,,,0,35,,18071,0,,,0,75,,18071,159,4,,0,35,,18078,0,,,0,75,,18072,0,,,0,35,,18072,170,4,,0
5000,'29bb4b7a-5d7b-4f78-bccd-adce0636a676',1000,,18092,0,,,0,35,,18082,409,4,,0,75,,18083,0,,,0,35,,18090,0,,,0,75,,18084,0,,,0,35,,18091,0,,,0,75,,18087,0,,,0,75,,18097,0,,,0,35,,18087,448,4,,0,75,,18097,448,4,,0,35,,18098,0,,,0,75,,18089,0,,,0,75,,18098,448,4,,0,35,,18089,448,4,,0,75,,18088,0,,,0,35,,18094,0,,,0,10,,18095,0,,,0
5000,'3d6b7334-041d-4cdf-b33e-9fc06607d92b',638,,18116,0,,,0,62,,18124,448,4,,0,2,,18101,0,,,0,22,,18109,448,4,,0,4,,18127,0,,,0,20,,18116,448,4,,0,6,,18120,0,,,0,63,,18101,448,4,,0,3,,18103,0,,,0,23,,18127,448,4,,0,3,,18118,0,,,0,63,,18120,448,4,,0,3,,18106,0,,,0,23,,18103,448,4,,0,3,,18129,0,,,0,20,,18118,448,4,,0,46,,18126,0,,,0,22,,18106,448,4,,0,4,,18108,0,,,0,20,,18129,448,4,,0,8,,18110,0,,,0,56,,18126,401,4,,0,31,,18113,0,,,0,70,,18110,448,4,,0,3,,18100,0,,,0,84,,18113,448,4,,0,32,,18100,448,4,,0,2,,18115,0,,,0,68,,18104,0,,,0,15,,18128,448,4,,0,10,,18131,0,,,0,24,,18111,448,4,,0,5,,18130,0,,,0,62,,18104,448,4,,0,5,,18134,0,,,0,23,,18131,448,4,,0,4,,18117,0,,,0,65,,18130,448,4,,0,2,,18133,0,,,0,34,,18134,448,4,,0,72,,18119,0,,,0,27,,18107,0,,,0,74,,18125,448,4,,0,24,,18119,448,4,,0,64,,18107,448,4,,0,26,,18105,0,,,0,64,,18112,448,4,,0,3,,18132,0,,,0,20,,18135,448,4,,0,3,,18123,0,,,0,90,,18121,0,,,0,23,,18122,0,,,0,90,,18114,0,,,0
5000,'55f98007-25ae-4999-903a-9517a72acc76',700,,18145,448,4,,0,5,,18157,0,,,0,35,,18146,448,4,,0,75,,18157,448,4,,0,35,,18158,0,,,0,75,,18138,448,4,,0,75,,18158,448,4,,0,35,,18147,0,,,0,75,,18162,448,4,,0,35,,18147,448,4,,0,77,,18150,448,4,,0,80,,18141,0,,,0,37,,18163,0,,,0,80,,18141,448,4,,0,37,,18159,448,4,,0,80,,18137,448,4,,0,77,,18160,448,4,,0,40,,18136,0,,,0,77,,18156,0,,,0,78,,18136,448,4,,0,37,,18156,448,4,,0,73,,18151,448,4,,0,2,,18140,0,,,0,35,,18161,0,,,0,75,,18144,0,,,0,75,,18142,0,,,0,35,,18139,0,,,0
5000,'aebab1a8-3c1a-47f7-a9ad-73a4dd0b203e',1000,,18167,448,4,,0,35,,18165,448,4,,0,75,,18164,0,,,0,35,,18171,448,4,,0,75,,18164,448,4,,0,35,,18177,0,,,0,75,,18166,0,,,0,75,,18177,448,4,,0,35,,18166,448,4,,0,75,,18173,0,,,0,35,,18175,0,,,0,75,,18173,448,4,,0,75,,18169,0,,,0,35,,18176,0,,,0,70,,18172,0,,,0,5,,18174,0,,,0
5103,'29bb4b7a-5d7b-4f78-bccd-adce0636a676',1015,,18194,0,0,6 1 7,0,35,,18186,0,0,6 1 7,0,75,,18189,0,0,6 1 7,0,75,,18185,0,0,6 1 7,0,35,,18190,0,0,6 1 7,0,75,,18196,0,0,6 1 7,0,35,,18191,0,0,6 1 7,0,75,,18188,0,0,6 1 7,0,35,,18192,0,0,6 1 7,0,75,,18197,0,0,6 1 7,0,75,,18183,0,0,6 1 7,0,35,,18187,0,0,6 1 7,0,75,,18184,0,0,6 1 7,0,35,,18182,0,0,6 1 7,0,75,,18193,0,0,6 1 7,0
5103,'3d6b7334-041d-4cdf-b33e-9fc06607d92b',613,,18207,0,0,6 1 7,0,15,,18212,0,0,6 1 7,0,15,,18224,0,0,6 1 7,0,15,,18216,0,0,6 1 7,0,55,,18243,0,0,6 1 7,0,15,,18238,0,0,6 1 7,0,15,,18260,0,0,6 1 7,0,15,,18215,0,0,6 1 7,0,53,,18252,0,0,6 1 7,0,13,,18250,0,0,6 1 7,0,17,,18205,0,0,6 1 7,0,17,,18228,0,0,6 1 7,0,57,,18267,0,0,6 1 7,0,17,,18232,0,0,6 1 7,0,16,,18200,0,0,6 1 7,0,55,,18254,0,0,6 1 7,0,15,,18219,0,0,6 1 7,0,15,,18202,0,0,6 1 7,0,16,,18229,0,0,6 1 7,0,57,,18259,0,0,6 1 7,0,15,,18233,0,0,6 1 7,0,15,,18253,0,0,6 1 7,0,15,,18246,0,0,6 1 7,0,56,,18251,0,0,6 1 7,0,15,,18255,0,0,6 1 7,0,16,,18201,0,0,6 1 7,0,16,,18256,0,0,6 1 7,0,53,,18270,0,0,6 1 7,0,14,,18242,0,0,6 1 7,0,15,,18258,0,0,6 1 7,0,14,,18214,0,0,6 1 7,0,54,,18227,0,0,6 1 7,0,14,,18220,0,0,6 1 7,0,14,,18210,0,0,6 1 7,0,14,,18226,0,0,6 1 7,0,56,,18273,0,0,6 1 7,0,16,,18268,0,0,6 1 7,0,16,,18272,0,0,6 1 7,0,14,,18209,0,0,6 1 7,0,54,,18222,0,0,6 1 7,0,14,,18211,0,0,6 1 7,0,14,,18231,0,0,6 1 7,0,16,,18213,0,0,6 1 7,0,54,,18225,0,0,6 1 7,0,16,,18261,0,0,6 1 7,0,15,,18271,0,0,6 1 7,0,15,,18236,0,0,6 1 7,0,54,,18248,0,0,6 1 7,0,14,,18199,0,0,6 1 7,0,14,,18230,0,0,6 1 7,0,15,,18204,0,0,6 1 7,0,12,,18208,0,0,6 1 7,0,54,,18265,0,0,6 1 7,0,14,,18266,0,0,6 1 7,0,14,,18239,0,0,6 1 7,0,14,,18269,0,0,6 1 7,0,54,,18249,0,0,6 1 7,0,14,,18218,0,0,6 1 7,0,16,,18217,0,0,6 1 7,0,16,,18241,0,0,6 1 7,0,58,,18264,0,0,6 1 7,0,14,,18198,0,0,6 1 7,0,14,,18245,0,0,6 1 7,0,14,,18235,0,0,6 1 7,0,54,,18257,0,0,6 1 7,0,10,,18223,0,0,6 1 7,0,16,,18263,0,0,6 1 7,0,17,,18247,0,0,6 1 7,0,66,,18206,0,0,6 1 7,0
5103,'55f98007-25ae-4999-903a-9517a72acc76',617,,18311,0,0,6 1 7,0,15,,18296,0,0,6 1 7,0,15,,18341,0,0,6 1 7,0,55,,18287,0,0,6 1 7,0,15,,18338,0,0,6 1 7,0,15,,18300,0,0,6 1 7,0,15,,18290,0,0,6 1 7,0,58,,18286,0,0,6 1 7,0,18,,18339,0,0,6 1 7,0,18,,18280,0,0,6 1 7,0,16,,18316,0,0,6 1 7,0,55,,18293,0,0,6 1 7,0,15,,18302,0,0,6 1 7,0,17,,18285,0,0,6 1 7,0,58,,18318,0,0,6 1 7,0,17,,18317,0,0,6 1 7,0,16,,18326,0,0,6 1 7,0,16,,18312,0,0,6 1 7,0,54,,18329,0,0,6 1 7,0,22,,18291,0,0,6 1 7,0,23,,18337,0,0,6 1 7,0,59,,18301,0,0,6 1 7,0,19,,18295,0,0,6 1 7,0,16,,18283,0,0,6 1 7,0,56,,18288,0,0,6 1 7,0,16,,18303,0,0,6 1 7,0,15,,18334,0,0,6 1 7,0,16,,18327,0,0,6 1 7,0,56,,18333,0,0,6 1 7,0,18,,18297,0,0,6 1 7,0,16,,18304,0,0,6 1 7,0,17,,18298,0,0,6 1 7,0,56,,18284,0,0,6 1 7,0,16,,18322,0,0,6 1 7,0,16,,18340,0,0,6 1 7,0,16,,18319,0,0,6 1 7,0,60,,18281,0,0,6 1 7,0,15,,18276,0,0,6 1 7,0,16,,18307,0,0,6 1 7,0,56,,18299,0,0,6 1 7,0,17,,18343,0,0,6 1 7,0,17,,18275,0,0,6 1 7,0,17,,18292,0,0,6 1 7,0,58,,18342,0,0,6 1 7,0,18,,18306,0,0,6 1 7,0,16,,18309,0,0,6 1 7,0,53,,18282,0,0,6 1 7,0,9,,18323,0,0,6 1 7,0,17,,18279,0,0,6 1 7,0,17,,18335,0,0,6 1 7,0,58,,18336,0,0,6 1 7,0,18,,18278,0,0,6 1 7,0,16,,18314,0,0,6 1 7,0,15,,18310,0,0,6 1 7,0,56,,18331,0,0,6 1 7,0,17,,18320,0,0,6 1 7,0,17,,18324,0,0,6 1 7,0,18,,18308,0,0,6 1 7,0,56,,18289,0,0,6 1 7,0,15,,18315,0,0,6 1 7,0,16,,18330,0,0,6 1 7,0,57,,18277,0,0,6 1 7,0
5103,'aebab1a8-3c1a-47f7-a9ad-73a4dd0b203e',918,,18363,0,0,6 1 7,0,25,,18356,0,0,6 1 7,0,58,,18370,0,0,6 1 7,0,18,,18364,0,0,6 1 7,0,18,,18367,0,0,6 1 7,0,18,,18373,0,0,6 1 7,0,58,,18361,0,0,6 1 7,0,18,,18369,0,0,6 1 7,0,18,,18345,0,0,6 1 7,0,58,,18366,0,0,6 1 7,0,18,,18347,0,0,6 1 7,0,18,,18374,0,0,6 1 7,0,58,,18368,0,0,6 1 7,0,21,,18354,0,0,6 1 7,0,18,,18355,0,0,6 1 7,0,18,,18362,0,0,6 1 7,0,58,,18360,0,0,6 1 7,0,18,,18375,0,0,6 1 7,0,18,,18348,0,0,6 1 7,0,60,,18349,0,0,6 1 7,0,20,,18346,0,0,6 1 7,0,19,,18365,0,0,6 1 7,0,58,,18359,0,0,6 1 7,0,18,,18372,0,0,6 1 7,0,18,,18358,0,0,6 1 7,0,58,,18352,0,0,6 1 7,0,16,,18371,0,0,6 1 7,0,20,,18350,0,0,6 1 7,0,18,,18353,0,0,6 1 7,0,58,,18357,0,0,6 1 7,0
5104,'29bb4b7a-5d7b-4f78-bccd-adce0636a676',1042,,18385,191,4,,0,78,,18391,191,4,,0,35,,18381,191,4,,0,75,,18377,191,4,,0,75,,18390,191,4,,0,35,,18386,191,4,,0,75,,18379,191,4,,0,35,,18382,191,4,,0,75,,18376,191,4,,0,75,,18387,191,4,,0,35,,18384,191,4,,0,75,,18378,191,4,,0,35,,18380,191,4,,0,75,,18389,191,4,,0,35,,18383,191,4,,0
5104,'3d6b7334-041d-4cdf-b33e-9fc06607d92b',625,,18407,191,4,,0,16,,18398,191,4,,0,13,,18445,191,4,,0,55,,18448,191,4,,0,17,,18400,191,4,,0,14,,18415,191,4,,0,63,,18416,191,4,,0,15,,18426,191,4,,0,20,,18456,191,4,,0,17,,18449,191,4,,0,55,,18460,191,4,,0,18,,18428,191,4,,0,15,,18414,191,4,,0,13,,18468,191,4,,0,54,,18408,191,4,,0,17,,18447,191,4,,0,17,,18431,191,4,,0,57,,18427,191,4,,0,17,,18464,191,4,,0,16,,18466,191,4,,0,16,,18418,191,4,,0,56,,18429,191,4,,0,15,,18452,191,4,,0,16,,18446,191,4,,0,16,,18459,191,4,,0,53,,18402,191,4,,0,14,,18463,191,4,,0,14,,18434,191,4,,0,16,,18444,191,4,,0,54,,18440,191,4,,0,13,,18405,191,4,,0,15,,18403,191,4,,0,14,,18424,191,4,,0,55,,18437,191,4,,0,13,,18417,191,4,,0,20,,18401,191,4,,0,14,,18399,191,4,,0,54,,18461,191,4,,0,14,,18441,191,4,,0,14,,18396,191,4,,0,16,,18435,191,4,,0,54,,18433,191,4,,0,16,,18419,191,4,,0,15,,18412,191,4,,0,15,,18413,191,4,,0,54,,18451,191,4,,0,14,,18453,191,4,,0,14,,18395,191,4,,0,15,,18467,191,4,,0,9,,18421,191,4,,0,57,,18393,191,4,,0,12,,18422,191,4,,0,15,,18397,191,4,,0,11,,18432,191,4,,0,54,,18430,191,4,,0,12,,18394,191,4,,0,21,,18454,191,4,,0,16,,18406,191,4,,0,59,,18469,191,4,,0,14,,18465,191,4,,0,14,,18458,191,4,,0,14,,18425,191,4,,0,54,,18455,191,4,,0,10,,18436,191,4,,0,16,,18404,191,4,,0,17,,18423,191,4,,0,66,,18409,191,4,,0
5104,'55f98007-25ae-4999-903a-9517a72acc76',632,,18491,191,4,,0,15,,18534,191,4,,0,55,,18526,191,4,,0,15,,18516,191,4,,0,15,,18498,191,4,,0,14,,18519,191,4,,0,54,,18506,191,4,,0,22,,18529,191,4,,0,15,,18527,191,4,,0,15,,18515,191,4,,0,55,,18489,191,4,,0,15,,18474,191,4,,0,18,,18523,191,4,,0,18,,18479,191,4,,0,58,,18530,191,4,,0,16,,18520,191,4,,0,15,,18500,191,4,,0,55,,18488,191,4,,0,25,,18472,191,4,,0,18,,18533,191,4,,0,64,,18531,191,4,,0,16,,18477,191,4,,0,16,,18518,191,4,,0,12,,18512,191,4,,0,52,,18517,191,4,,0,12,,18471,191,4,,0,23,,18486,191,4,,0,19,,18514,191,4,,0,59,,18536,191,4,,0,12,,18482,191,4,,0,20,,18493,191,4,,0,56,,18485,191,4,,0,18,,18537,191,4,,0,16,,18528,191,4,,0,16,,18524,191,4,,0,58,,18478,191,4,,0,16,,18481,191,4,,0,17,,18496,191,4,,0,56,,18494,191,4,,0,19,,18507,191,4,,0,17,,18476,191,4,,0,15,,18484,191,4,,0,60,,18505,191,4,,0,15,,18503,191,4,,0,16,,18473,191,4,,0,56,,18497,191,4,,0,9,,18508,191,4,,0,17,,18499,191,4,,0,17,,18504,191,4,,0,58,,18483,191,4,,0,18,,18480,191,4,,0,16,,18487,191,4,,0,13,,18510,191,4,,0,57,,18535,191,4,,0,17,,18501,191,4,,0,18,,18532,191,4,,0,18,,18470,191,4,,0,56,,18511,191,4,,0,15,,18522,191,4,,0,16,,18513,191,4,,0,57,,18492,191,4,,0,10,,18521,191,4,,0,16,,18525,191,4,,0
5104,'aebab1a8-3c1a-47f7-a9ad-73a4dd0b203e',941,,18548,191,4,,0,59,,18566,191,4,,0,18,,18559,191,4,,0,11,,18555,191,4,,0,18,,18552,191,4,,0,79,,18557,191,4,,0,20,,18564,191,4,,0,58,,18541,191,4,,0,18,,18551,191,4,,0,18,,18561,191,4,,0,18,,18554,191,4,,0,61,,18539,191,4,,0,18,,18538,191,4,,0,18,,18542,191,4,,0,58,,18569,191,4,,0,18,,18546,191,4,,0,18,,18568,191,4,,0,63,,18567,191,4,,0,18,,18553,191,4,,0,18,,18550,191,4,,0,58,,18545,191,4,,0,18,,18556,191,4,,0,18,,18565,191,4,,0,60,,18558,191,4,,0,17,,18543,191,4,,0,20,,18560,191,4,,0,18,,18562,191,4,,0,58,,18540,191,4,,0,13,,18549,191,4,,0,4,,18544,191,4,,0
6100,'29bb4b7a-5d7b-4f78-bccd-adce0636a676',1005,,18664,0,,,0,35,,18663,0,,,0,75,,18663,157,4,,0,35,,18659,0,,,0,75,,18659,157,4,,0,75,,18658,0,,,0,35,,18658,157,4,,0,75,,18656,0,,,0,35,,18656,157,4,,0,75,,18665,0,,,0,35,,18665,157,4,,0,75,,18662,0,,,0,75,,18662,157,4,,0,5,,18657,0,,,0,35,,18657,157,4,,0,75,,18655,0,,,0,35,,18655,157,4,,0
6100,'3d6b7334-041d-4cdf-b33e-9fc06607d92b',535,,18669,0,,,0,75,,18691,0,,,0,35,,18691,157,4,,0,55,,18709,0,,,0,20,,18693,0,,,0,15,,18709,157,4,,0,5,,18676,0,,,0,18,,18693,157,4,,0,42,,18689,0,,,0,18,,18676,157,4,,0,2,,18704,0,,,0,18,,18689,157,4,,0,2,,18692,0,,,0,18,,18704,157,4,,0,42,,18682,0,,,0,18,,18692,157,4,,0,2,,18706,0,,,0,18,,18682,157,4,,0,62,,18706,157,4,,0,40,,18677,157,4,,0,80,,18681,0,,,0,80,,18690,0,,,0,40,,18690,157,4,,0,60,,18702,0,,,0,20,,18708,157,4,,0,5,,18672,0,,,0,15,,18702,157,4,,0,5,,18685,0,,,0,60,,18672,157,4,,0,20,,18685,157,4,,0,25,,18705,157,4,,0,60,,18679,0,,,0,25,,18684,0,,,0,20,,18697,0,,,0,65,,18684,157,4,,0,20,,18697,157,4,,0,65,,18696,0,,,0,20,,18700,157,4,,0,25,,18699,0,,,0,60,,18687,0,,,0,20,,18699,157,4,,0,20,,18688,0,,,0,60,,18678,0,,,0,20,,18675,0,,,0,15,,18680,0,,,0,60,,18675,157,4,,0,15,,18698,0,,,0,35,,18698,157,4,,0,75,,18673,0,,,0,75,,18673,157,4,,0,35,,18695,0,,,0,75,,18695,157,4,,0,30,,18674,157,4,,0
6100,'55f98007-25ae-4999-903a-9517a72acc76',610,,18729,0,,,0,35,,18729,157,4,,0,55,,18730,0,,,0,40,,18730,157,4,,0,80,,18712,0,,,0,80,,18712,157,4,,0,40,,18715,0,,,0,80,,18715,157,4,,0,80,,18717,0,,,0,45,,18717,157,4,,0,85,,18713,0,,,0,85,,18716,0,,,0,85,,18716,157,4,,0,45,,18714,0,,,0,85,,18721,0,,,0,85,,18710,0,,,0,85,,18710,157,4,,0,45,,18718,157,4,,0,85,,18722,0,,,0,75,,18722,157,4,,0,35,,18727,0,,,0,75,,18727,157,4,,0,35,,18732,157,4,,0,75,,18719,0,,,0,75,,18719,157,4,,0,30,,18728,158,4,,0
6100,'aebab1a8-3c1a-47f7-a9ad-73a4dd0b203e',930,,18741,0,,,0,80,,18741,157,4,,0,40,,18742,0,,,0,80,,18742,157,4,,0,80,,18736,0,,,0,40,,18746,0,,,0,80,,18746,157,4,,0,80,,18739,157,4,,0,40,,18735,0,,,0,80,,18735,157,4,,0,80,,18745,0,,,0,40,,18745,157,4,,0,80,,18737,157,4,,0,75,,18744,158,4,,0
6300,'3d6b7334-041d-4cdf-b33e-9fc06607d92b',630,,18850,0,,,0,70,,18850,166,4,,0,30,,18844,0,,,0,75,,18844,166,4,,0,35,,18847,0,,,0,75,,18847,166,4,,0,35,,18835,0,,,0,75,,18835,166,4,,0,75,,18838,166,4,,0,30,,18824,0,,,0,70,,18825,0,,,0,30,,18825,166,4,,0,75,,18848,0,,,0,35,,18848,166,4,,0,75,,18834,0,,,0,35,,18834,166,4,,0,75,,18836,0,,,0,75,,18836,166,4,,0,35,,18827,0,,,0,75,,18827,166,4,,0,35,,18833,166,4,,0,75,,18828,166,4,,0,35,,18832,0,,,0,75,,18845,0,,,0,75,,18845,166,4,,0,35,,18826,0,,,0,70,,18849,0,0,5,0,30,,18849,159,4,,0
6300,'55f98007-25ae-4999-903a-9517a72acc76',630,,18860,0,,,0,70,,18860,166,4,,0,30,,18874,0,,,0,75,,18877,0,,,0,35,,18877,166,4,,0,75,,18876,166,4,,0,35,,18858,166,4,,0,75,,18863,0,,,0,75,,18852,0,,,0,30,,18852,166,4,,0,70,,18867,0,,,0,30,,18867,166,4,,0,75,,18859,0,,,0,35,,18859,166,4,,0,75,,18875,0,,,0,35,,18875,166,4,,0,75,,18869,0,,,0,75,,18869,166,4,,0,35,,18853,166,4,,0,75,,18868,166,4,,0,35,,18873,0,,,0,75,,18873,166,4,,0,35,,18855,0,,,0,75,,18855,166,4,,0,75,,18851,0,,,0,35,,18851,166,4,,0,70,,18871,166,4,,0,30,,18854,159,4,,0
6300,'aebab1a8-3c1a-47f7-a9ad-73a4dd0b203e',930,,18889,0,,,0,75,,18889,166,4,,0,35,,18883,0,,,0,75,,18883,166,4,,0,35,,18886,166,4,,0,75,,18892,166,4,,0,75,,18884,0,,,0,35,,18881,0,,,0,75,,18881,166,4,,0,35,,18891,0,,,0,75,,18887,0,,,0,35,,18887,166,4,,0,75,,18890,166,4,,0,75,,18880,0,,,0,35,,18880,166,4,,0,70,,18888,159,4,,0
9300,'3d6b7334-041d-4cdf-b33e-9fc06607d92b',630,,19230,0,,,0,92,,19230,166,4,,0,1,,19228,0,,,0,97,,19228,166,4,,0,1,,19235,0,,,0,98,,19235,166,4,,0,1,,19220,0,,,0,95,,19220,166,4,,0,1,,19225,0,,,0,95,,19225,166,4,,0,1,,19236,0,,,0,95,,19236,166,4,,0,1,,19221,0,,,0,95,,19221,166,4,,0,1,,19232,0,,,0,55,,19232,166,4,,0,41,,19231,0,,,0,55,,19231,166,4,,0,1,,19233,0,,,0,95,,19233,166,4,,0,1,,19226,0,,,0,97,,19226,166,4,,0,1,,19222,0,,,0,97,,19222,166,4,,0,1,,19224,0,,,0,92,,19224,166,4,,0,1,,19223,0,,,0,89,,19223,166,4,,0,1,,19229,0,,,0,89,,19229,166,4,,0,1,,19234,0,,,0,88,,19234,166,4,,0,1,,19227,0,,,0,48,,19227,168,4,,0
9300,'55f98007-25ae-4999-903a-9517a72acc76',630,,19245,0,,,0,88,,19245,166,4,,0,1,,19249,0,,,0,88,,19249,166,4,,0,1,,19247,0,,,0,48,,19247,166,4,,0,1,,19241,0,,,0,88,,19241,166,4,,0,1,,19239,0,,,0,88,,19239,166,4,,0,1,,19248,0,,,0,93,,19248,166,4,,0,1,,19251,0,,,0,93,,19251,166,4,,0,1,,19253,0,,,0,93,,19253,166,4,,0,1,,19252,0,,,0,93,,19252,166,4,,0,1,,19242,0,,,0,93,,19242,166,4,,0,1,,19246,0,,,0,53,,19246,166,4,,0,1,,19244,0,,,0,88,,19244,166,4,,0,1,,19237,0,,,0,88,,19237,166,4,,0,1,,19240,0,,,0,88,,19240,166,4,,0,1,,19238,0,,,0,88,,19238,166,4,,0,1,,19254,0,,,0,86,,19254,166,4,,0,1,,19250,0,,,0,46,,19250,166,4,,0,1,,19243,0,,,0,86,,19243,168,4,,0
9300,'aebab1a8-3c1a-47f7-a9ad-73a4dd0b203e',930,,19260,0,,,0,88,,19260,166,4,,0,1,,19265,0,,,0,88,,19265,166,4,,0,1,,19264,0,,,0,48,,19264,166,4,,0,1,,19261,0,,,0,88,,19261,166,4,,0,1,,19256,0,,,0,88,,19256,166,4,,0,1,,19263,0,,,0,88,,19263,166,4,,0,1,,19262,0,,,0,88,,19262,166,4,,0,1,,19258,0,,,0,88,,19258,166,4,,0,1,,19259,0,,,0,48,,19259,166,4,,0,1,,19255,0,,,0,88,,19255,166,4,,0,1,,19257,0,,,0,88,,19257,168,4,,0
9400,'3d6b7334-041d-4cdf-b33e-9fc06607d92b',702,,19279,209,,,0,51,,19271,209,,,0,93,,19277,209,,,0,90,,19281,209,,,0,88,,19267,209,,,0,88,,19284,209,,,0,88,,19278,209,,,0,48,,19268,209,,,0,88,,19282,209,,,0,88,,19273,209,,,0,88,,19274,209,,,0,88,,19272,209,,,0,50,,19276,209,,,0,89,,19275,209,,,0,88,,19280,209,,,0,86,,19266,209,,,0,45,,19270,209,,,0,85,,19283,209,,,0,85,,19269,209,,,0
9400,'55f98007-25ae-4999-903a-9517a72acc76',656,,19295,209,,,0,86,,19285,209,,,0,85,,19299,209,,,0,85,,19298,209,,,0,46,,19287,209,,,0,86,,19288,209,,,0,87,,19292,209,,,0,87,,19300,209,,,0,87,,19302,209,,,0,47,,19304,209,,,0,87,,19303,209,,,0,86,,19291,209,,,0,85,,19290,209,,,0,45,,19286,209,,,0,85,,19294,209,,,0,85,,19289,209,,,0,86,,19293,209,,,0,46,,19296,209,,,0,86,,19301,209,,,0,86,,19297,209,,,0
9400,'aebab1a8-3c1a-47f7-a9ad-73a4dd0b203e',956,,19314,209,,,0,86,,19313,209,,,0,85,,19307,209,,,0,86,,19305,209,,,0,46,,19315,209,,,0,86,,19306,209,,,0,86,,19312,209,,,0,86,,19308,209,,,0,86,,19310,209,,,0,47,,19309,209,,,0,87,,19311,209,,,0
9600,'3d6b7334-041d-4cdf-b33e-9fc06607d92b',701,,19319,121,,,0,49,,19325,121,,,0,91,,19318,121,,,0,91,,19317,121,,,0,91,,19332,121,,,0,91,,19330,121,,,0,91,,19327,121,,,0,51,,19328,121,,,0,91,,19326,121,,,0,91,,19333,121,,,0,91,,19322,121,,,0,91,,19329,121,,,0,92,,19334,121,,,0,93,,19320,121,,,0,44,,19331,121,,,0,82,,19316,121,,,0,83,,19321,121,,,0,39,,19323,121,,,0,91,,19324,121,,,0
9600,'55f98007-25ae-4999-903a-9517a72acc76',700,,19349,121,,,0,43,,19347,121,,,0,83,,19336,121,,,0,83,,19346,121,,,0,43,,19352,121,,,0,89,,19338,121,,,0,89,,19335,121,,,0,89,,19344,121,,,0,89,,19341,121,,,0,49,,19350,121,,,0,88,,19353,121,,,0,85,,19342,121,,,0,83,,19348,121,,,0,43,,19345,121,,,0,83,,19343,121,,,0,83,,19339,121,,,0,87,,19340,121,,,0,47,,19337,121,,,0,87,,19354,121,,,0,87,,19351,121,,,0
9600,'aebab1a8-3c1a-47f7-a9ad-73a4dd0b203e',1000,,19362,121,,,0,43,,19363,121,,,0,83,,19360,121,,,0,88,,19359,121,,,0,88,,19355,121,,,0,48,,19364,121,,,0,88,,19357,121,,,0,88,,19358,121,,,0,86,,19365,121,,,0,90,,19361,121,,,0,50,,19356,121,,,0
1009400,'3d6b7334-041d-4cdf-b33e-9fc06607d92b',630,,19478,0,,,0,84,,19478,196,4,,0,1,,19483,0,,,0,86,,19483,196,4,,0,1,,19493,0,,,0,47,,19493,196,4,,0,1,,19485,0,,,0,87,,19485,196,4,,0,1,,19490,0,,,0,84,,19490,196,4,,0,1,,19491,0,,,0,84,,19491,196,4,,0,1,,19480,0,,,0,44,,19480,196,4,,0,1,,19479,0,,,0,84,,19479,196,4,,0,1,,19475,0,,,0,84,,19475,196,4,,0,1,,19474,0,,,0,84,,19474,196,4,,0,1,,19492,0,,,0,44,,19492,196,4,,0,1,,19484,0,,,0,84,,19484,196,4,,0,1,,19486,0,,,0,84,,19486,196,4,,0,1,,19477,0,,,0,85,,19477,196,4,,0,1,,19476,0,,,0,43,,19476,196,4,,0,1,,19489,0,,,0,83,,19489,196,4,,0,1,,19487,0,,,0,82,,19487,196,4,,0,1,,19494,0,,,0,82,,19494,196,4,,0,1,,19481,0,,,0,42,,19481,196,4,,0,1,,19482,0,,,0,82,,19482,196,4,,0,1,,19488,0,,,0,82,,19488,197,4,,0
1009400,'55f98007-25ae-4999-903a-9517a72acc76',630,,19507,0,,,0,82,,19507,196,4,,0,1,,19504,0,,,0,42,,19504,196,4,,0,1,,19499,0,,,0,82,,19499,196,4,,0,1,,19511,0,,,0,82,,19511,196,4,,0,1,,19513,0,,,0,83,,19513,196,4,,0,1,,19508,0,,,0,44,,19508,196,4,,0,1,,19506,0,,,0,84,,19506,196,4,,0,1,,19498,0,,,0,84,,19498,196,4,,0,1,,19495,0,,,0,84,,19495,196,4,,0,1,,19510,0,,,0,44,,19510,196,4,,0,1,,19509,0,,,0,83,,19509,196,4,,0,1,,19515,0,,,0,82,,19515,196,4,,0,1,,19496,0,,,0,82,,19496,196,4,,0,1,,19505,0,,,0,42,,19505,196,4,,0,1,,19501,0,,,0,82,,19501,196,4,,0,1,,19514,0,,,0,82,,19514,196,4,,0,1,,19500,0,,,0,42,,19500,196,4,,0,1,,19502,0,,,0,82,,19502,196,4,,0,1,,19497,0,,,0,82,,19497,196,4,,0,1,,19503,0,,,0,82,,19503,196,4,,0,1,,19512,0,,,0,42,,19512,196,4,,0
1009400,'aebab1a8-3c1a-47f7-a9ad-73a4dd0b203e',930,,19516,0,,,0,82,,19516,196,4,,0,1,,19523,0,,,0,42,,19523,196,4,,0,1,,19518,0,,,0,83,,19518,196,4,,0,1,,19522,0,,,0,83,,19522,196,4,,0,1,,19525,0,,,0,83,,19525,196,4,,0,1,,19524,0,,,0,43,,19524,196,4,,0,1,,19519,0,,,0,83,,19519,196,4,,0,1,,19527,0,,,0,83,,19527,196,4,,0,1,,19517,0,,,0,81,,19517,196,4,,0,3,,19521,0,,,0,41,,19521,196,4,,0,3,,19526,0,,,0,81,,19526,196,4,,0,3,,19520,0,,,0,81,,19520,196,4,,0
1009600,'3d6b7334-041d-4cdf-b33e-9fc06607d92b',630,,19537,0,,,0,84,,19537,236,4,,0,1,,19531,0,,,0,44,,19531,236,4,,0,41,,19547,0,,,0,44,,19547,236,4,,0,1,,19546,0,,,0,84,,19546,236,4,,0,1,,19533,0,,,0,81,,19533,236,4,,0,1,,19532,0,,,0,41,,19532,236,4,,0,1,,19534,0,,,0,82,,19534,236,4,,0,1,,19542,0,,,0,82,,19542,236,4,,0,1,,19543,0,,,0,82,,19543,236,4,,0,1,,19539,0,,,0,42,,19539,236,4,,0,1,,19538,0,,,0,82,,19538,236,4,,0,1,,19529,0,,,0,82,,19529,236,4,,0,1,,19548,0,,,0,43,,19548,236,4,,0,1,,19540,0,,,0,85,,19540,236,4,,0,1,,19528,0,,,0,83,,19528,236,4,,0,1,,19544,0,,,0,83,,19544,236,4,,0,1,,19545,0,,,0,41,,19545,236,4,,0,1,,19535,0,,,0,81,,19535,236,4,,0,1,,19536,0,,,0,81,,19536,236,4,,0,1,,19530,0,,,0,39,,19530,236,4,,0,1,,19541,0,,,0,79,,19541,236,4,,0
1009600,'55f98007-25ae-4999-903a-9517a72acc76',630,,19565,0,,,0,80,,19565,236,4,,0,1,,19564,0,,,0,41,,19564,236,4,,0,1,,19560,0,,,0,81,,19560,236,4,,0,1,,19557,0,,,0,81,,19557,236,4,,0,1,,19549,0,,,0,83,,19549,236,4,,0,1,,19562,0,,,0,43,,19562,236,4,,0,1,,19558,0,,,0,83,,19558,236,4,,0,1,,19569,0,,,0,83,,19569,236,4,,0,1,,19566,0,,,0,43,,19566,236,4,,0,1,,19556,0,,,0,83,,19556,236,4,,0,1,,19563,0,,,0,81,,19563,236,4,,0,1,,19561,0,,,0,81,,19561,236,4,,0,1,,19570,0,,,0,41,,19570,236,4,,0,1,,19555,0,,,0,81,,19555,236,4,,0,1,,19552,0,,,0,81,,19552,236,4,,0,1,,19554,0,,,0,39,,19554,236,4,,0,1,,19550,0,,,0,79,,19550,236,4,,0,1,,19568,0,,,0,79,,19568,236,4,,0,1,,19553,0,,,0,39,,19553,236,4,,0,1,,19559,0,,,0,79,,19559,236,4,,0,1,,19567,0,,,0,79,,19567,236,4,,0,1,,19551,0,,,0,39,,19551,236,4,,0
1009600,'aebab1a8-3c1a-47f7-a9ad-73a4dd0b203e',930,,19576,0,,,0,80,,19576,236,4,,0,1,,19573,0,,,0,41,,19573,236,4,,0,1,,19582,0,,,0,82,,19582,236,4,,0,1,,19571,0,,,0,83,,19571,236,4,,0,1,,19575,0,,,0,82,,19575,236,4,,0,2,,19583,0,,,0,43,,19583,236,4,,0,1,,19580,0,,,0,83,,19580,236,4,,0,1,,19572,0,,,0,82,,19572,236,4,,0,1,,19581,0,,,0,39,,19581,236,4,,0,1,,19579,0,,,0,79,,19579,236,4,,0,1,,19578,0,,,0,79,,19578,236,4,,0,1,,19577,0,,,0,39,,19577,236,4,,0,1,,19574,0,,,0,79,,19574,236,4,,0
