6700,'595d987c-b6af-4553-91b7-dc23a0d7ec1c',630,,20642,3,,,0,100,,20641,3,,,0,100,,20644,3,,,0,100,,20647,3,,,0,100,,20639,3,,,0,500,,20640,3,,,0,100,,20643,3,,,0,100,,20638,3,,,0,100,,20645,3,,,0,100,,20646,3,,,0
6700,'d3716f81-b7c0-479c-ad60-6712cf7781f4',930,,20648,3,,,0,200,,20651,3,,,0,200,,20650,3,,,0,200,,20652,3,,,0,200,,20649,3,,,0
6700,'f394ee2a-c90c-4cfe-bbfc-c5340e68ee20',630,,20669,3,,,0,70,,20658,3,,,0,20,,20655,3,,,0,12,,20662,3,,,0,75,,20668,3,,,0,35,,20653,3,,,0,70,,20657,3,,,0,100,,20667,3,,,0,338,,20663,3,,,0,70,,20654,3,,,0,110,,20659,3,,,0,75,,20660,3,,,0,35,,20656,3,,,0,75,,20665,3,,,0,35,,20664,3,,,0,100,,20666,3,,,0,100,,20661,3,,,0
6800,'595d987c-b6af-4553-91b7-dc23a0d7ec1c',700,,20678,3,,,0,100,,20672,3,,,0,100,,20673,3,,,0,100,,20675,3,,,0,600,,20677,3,,,0,100,,20671,3,,,0,100,,20670,3,,,0,100,,20674,3,,,0,100,,20676,3,,,0
6800,'d3716f81-b7c0-479c-ad60-6712cf7781f4',1000,,20680,3,,,0,200,,20679,3,,,0,200,,20683,3,,,0,200,,20681,3,,,0,200,,20682,3,,,0
6800,'f394ee2a-c90c-4cfe-bbfc-c5340e68ee20',630,,20687,3,,,0,70,,20696,3,,,0,30,,20689,3,,,0,70,,20691,3,,,0,30,,20685,3,,,0,112,,20698,3,,,0,100,,20686,3,,,0,488,,20694,3,,,0,70,,20684,3,,,0,30,,20692,3,,,0,70,,20690,3,,,0,30,,20693,3,,,0,90,,20695,3,,,0,100,,20688,3,,,0,100,,20697,3,,,0
8100,'595d987c-b6af-4553-91b7-dc23a0d7ec1c',630,,20710,2,,,0,100,,20700,2,,,0,100,,20699,2,,,0,200,,20705,2,,,0,100,,20701,2,,,0,100,,20707,2,,,0,200,,20712,2,,,0,100,,20708,2,,,0,100,,20706,2,,,0,100,,20704,2,,,0,100,,20702,2,,,0,100,,20703,2,,,0,100,,20711,2,,,0,100,,20709,2,,,0
8100,'d01a14a4-d6a9-4013-8e71-e69303fb0b13',1015,,20719,2,,,0,100,,20713,2,,,0,100,,20718,2,,,0,100,,20715,2,,,0,100,,20717,2,,,0,100,,20716,2,,,0,100,,20720,2,,,0,100,,20714,2,,,0,100,,20721,2,,,0
8100,'d3716f81-b7c0-479c-ad60-6712cf7781f4',1030,,20723,2,,,0,100,,20726,2,,,0,200,,20722,2,,,0,100,,20724,2,,,0,100,,20725,2,,,0,100,,20727,2,,,0,100,,20728,2,,,0
8100,'f394ee2a-c90c-4cfe-bbfc-c5340e68ee20',2130,,20729,2,,,0
8200,'595d987c-b6af-4553-91b7-dc23a0d7ec1c',930,,20731,2,,,0,400,,20730,2,,,0
8200,'d3716f81-b7c0-479c-ad60-6712cf7781f4',1230,,20732,2,,,0
8600,'f394ee2a-c90c-4cfe-bbfc-c5340e68ee20',545,,20773,3,,,0,75,,20767,3,,,0,35,,20769,3,,,0,75,,20765,3,,,0,80,,20757,3,,,0,40,,20750,3,,,0,80,,20764,3,,,0,75,,20749,3,,,0,35,,20770,3,,,0,75,,20762,3,,,0,35,,20756,3,,,0,75,,20755,3,,,0,75,,20768,3,,,0,35,,20774,3,,,0,75,,20753,3,,,0,35,,20761,3,,,0,75,,20763,3,,,0,35,,20772,3,,,0,75,,20752,3,,,0,80,,20754,3,,,0,40,,20766,3,,,0,80,,20760,3,,,0,75,,20758,3,,,0,35,,20751,3,,,0,75,,20759,3,,,0,35,,20771,3,,,0
