5101,'595d987c-b6af-4553-91b7-dc23a0d7ec1c',619,,19988,149,,,0,15,,19931,149,,,0,15,,19985,149,,,0,55,,19978,149,,,0,15,,19967,149,,,0,14,,19981,149,,,0,14,,19974,149,,,0,61,,19937,149,,,0,15,,19942,149,,,0,15,,19963,149,,,0,15,,19952,149,,,0,55,,19949,149,,,0,18,,19950,149,,,0,18,,19971,149,,,0,58,,19933,149,,,0,16,,19990,149,,,0,15,,19959,149,,,0,15,,19953,149,,,0,63,,19941,149,,,0,18,,19964,149,,,0,22,,19943,149,,,0,56,,19986,149,,,0,16,,19976,149,,,0,12,,19962,149,,,0,12,,19940,149,,,0,12,,19982,149,,,0,63,,19989,149,,,0,19,,19934,149,,,0,59,,19973,149,,,0,16,,19980,149,,,0,16,,19961,149,,,0,16,,19968,149,,,0,58,,19998,149,,,0,16,,19993,149,,,0,16,,19983,149,,,0,18,,19951,149,,,0,56,,19957,149,,,0,17,,19936,149,,,0,16,,19992,149,,,0,59,,19984,149,,,0,16,,19995,149,,,0,16,,19994,149,,,0,20,,19946,149,,,0,55,,19987,149,,,0,16,,19975,149,,,0,16,,19965,149,,,0,11,,19970,149,,,0,57,,19960,149,,,0,17,,19939,149,,,0,18,,19948,149,,,0,58,,19944,149,,,0,16,,19955,149,,,0,13,,19945,149,,,0,17,,19935,149,,,0,57,,19997,149,,,0,18,,19932,149,,,0,18,,19954,149,,,0,16,,19991,149,,,0,55,,19966,149,,,0,16,,19996,149,,,0,17,,19947,149,,,0,55,,19977,149,,,0,16,,19979,149,,,0
5101,'d01a14a4-d6a9-4013-8e71-e69303fb0b13',1028,,20010,149,,,0,78,,20003,149,,,0,35,,20005,149,,,0,75,,20000,149,,,0,35,,20009,149,,,0,75,,20007,149,,,0,75,,20008,149,,,0,35,,20002,149,,,0,75,,20013,149,,,0,35,,20011,149,,,0,75,,20001,149,,,0,35,,20006,149,,,0,75,,20014,149,,,0,75,,20004,149,,,0,35,,20012,149,,,0,73,,19999,149,,,0
5101,'d3716f81-b7c0-479c-ad60-6712cf7781f4',927,,20020,149,,,0,20,,20031,149,,,0,58,,20042,149,,,0,20,,20038,149,,,0,9,,20034,149,,,0,77,,20035,149,,,0,20,,20015,149,,,0,18,,20036,149,,,0,58,,20037,149,,,0,18,,20021,149,,,0,18,,20033,149,,,0,60,,20041,149,,,0,18,,20016,149,,,0,18,,20023,149,,,0,18,,20017,149,,,0,58,,20044,149,,,0,18,,20039,149,,,0,23,,20040,149,,,0,58,,20022,149,,,0,18,,20027,149,,,0,18,,20028,149,,,0,58,,20024,149,,,0,18,,20029,149,,,0,20,,20018,149,,,0,60,,20045,149,,,0,19,,20019,149,,,0,16,,20046,149,,,0,18,,20043,149,,,0,58,,20030,149,,,0,4,,20032,149,,,0
5101,'f394ee2a-c90c-4cfe-bbfc-c5340e68ee20',612,,20052,149,,,0,18,,20063,149,,,0,13,,20109,149,,,0,13,,20051,149,,,0,57,,20116,149,,,0,14,,20078,149,,,0,24,,20068,149,,,0,53,,20124,149,,,0,20,,20102,149,,,0,17,,20122,149,,,0,15,,20047,149,,,0,58,,20087,149,,,0,15,,20094,149,,,0,14,,20075,149,,,0,14,,20059,149,,,0,56,,20112,149,,,0,17,,20061,149,,,0,17,,20100,149,,,0,57,,20067,149,,,0,16,,20093,149,,,0,15,,20086,149,,,0,15,,20060,149,,,0,55,,20065,149,,,0,16,,20083,149,,,0,16,,20080,149,,,0,13,,20056,149,,,0,54,,20092,149,,,0,14,,20070,149,,,0,14,,20103,149,,,0,14,,20081,149,,,0,13,,20111,149,,,0,55,,20119,149,,,0,16,,20108,149,,,0,15,,20082,149,,,0,11,,20057,149,,,0,60,,20110,149,,,0,14,,20066,149,,,0,14,,20118,149,,,0,14,,20117,149,,,0,54,,20115,149,,,0,16,,20084,149,,,0,14,,20098,149,,,0,16,,20054,149,,,0,55,,20049,149,,,0,15,,20073,149,,,0,14,,20072,149,,,0,14,,20114,149,,,0,54,,20099,149,,,0,15,,20105,149,,,0,11,,20058,149,,,0,19,,20048,149,,,0,52,,20123,149,,,0,15,,20088,149,,,0,11,,20069,149,,,0,14,,20085,149,,,0,11,,20097,149,,,0,62,,20074,149,,,0,16,,20050,149,,,0,19,,20089,149,,,0,54,,20104,149,,,0,14,,20107,149,,,0,14,,20091,149,,,0,14,,20101,149,,,0,50,,20055,149,,,0,16,,20064,149,,,0,17,,20090,149,,,0,15,,20076,149,,,0,54,,20062,149,,,0,14,,20113,149,,,0
6600,'595d987c-b6af-4553-91b7-dc23a0d7ec1c',729,,20621,262,,,0,100,,20617,262,,,0,800,,20618,262,,,0,100,,20619,262,,,0,100,,20620,262,,,0
6600,'d3716f81-b7c0-479c-ad60-6712cf7781f4',1129,,20623,262,,,0,200,,20625,262,,,0,200,,20622,262,,,0,200,,20624,262,,,0
6600,'f394ee2a-c90c-4cfe-bbfc-c5340e68ee20',729,,20634,262,,,0,110,,20629,262,,,0,170,,20632,262,,,0,110,,20626,262,,,0,110,,20635,262,,,0,115,,20637,319,0,8,0,110,,20633,305,,,0,150,,20627,305,,,0,110,,20631,305,,,0,110,,20628,305,,,0,115,,20630,390,,,0,100,,20636,305,,,0
6700,'595d987c-b6af-4553-91b7-dc23a0d7ec1c',659,,20642,106,,,0,100,,20641,106,,,0,100,,20644,106,,,0,100,,20647,106,,,0,100,,20639,106,,,0,500,,20640,106,,,0,100,,20643,106,,,0,100,,20638,106,,,0,100,,20645,106,,,0,100,,20646,106,,,0
6700,'d3716f81-b7c0-479c-ad60-6712cf7781f4',959,,20648,106,,,0,200,,20651,106,,,0,200,,20650,106,,,0,200,,20652,106,,,0,200,,20649,106,,,0
6700,'f394ee2a-c90c-4cfe-bbfc-c5340e68ee20',659,,20669,106,,,0,70,,20658,106,,,0,77,,20662,106,,,0,35,,20668,106,,,0,70,,20653,106,,,0,30,,20657,106,,,0,100,,20667,106,,,0,378,,20663,106,,,0,30,,20654,106,,,0,155,,20659,106,,,0,35,,20660,106,,,0,75,,20656,106,,,0,35,,20665,106,,,0,70,,20664,106,,,0,100,,20666,106,,,0,100,,20661,106,,,0
6800,'595d987c-b6af-4553-91b7-dc23a0d7ec1c',729,,20678,168,,,0,100,,20672,168,,,0,100,,20673,168,,,0,100,,20675,168,,,0,600,,20677,168,,,0,100,,20671,168,,,0,100,,20670,168,,,0,100,,20674,167,,,0,100,,20676,168,,,0
6800,'d3716f81-b7c0-479c-ad60-6712cf7781f4',1029,,20680,168,,,0,200,,20679,168,,,0,200,,20683,168,,,0,200,,20681,168,,,0,200,,20682,168,,,0
6800,'f394ee2a-c90c-4cfe-bbfc-c5340e68ee20',659,,20687,167,,,0,70,,20696,167,,,0,30,,20689,167,,,0,70,,20691,167,,,0,30,,20685,168,,,0,152,,20698,168,,,0,100,,20686,168,,,0,448,,20694,167,,,0,70,,20684,167,,,0,30,,20692,167,,,0,70,,20690,167,,,0,30,,20693,168,,,0,90,,20695,168,,,0,100,,20688,168,,,0,100,,20697,168,,,0
8100,'595d987c-b6af-4553-91b7-dc23a0d7ec1c',729,,20710,284,,,0,100,,20700,284,,,0,100,,20699,284,,,0,200,,20705,284,,,0,100,,20701,284,,,0,100,,20707,284,,,0,200,,20712,284,,,0,100,,20708,284,,,0,100,,20706,284,,,0,100,,20704,284,,,0,100,,20702,284,,,0,100,,20703,284,,,0,100,,20711,284,,,0,100,,20709,243,,,0
8100,'d01a14a4-d6a9-4013-8e71-e69303fb0b13',1114,,20719,243,,,0,100,,20713,243,,,0,100,,20718,243,,,0,100,,20715,243,,,0,100,,20717,243,,,0,100,,20716,243,,,0,100,,20720,243,,,0,100,,20714,243,,,0,100,,20721,243,,,0
8100,'d3716f81-b7c0-479c-ad60-6712cf7781f4',1129,,20723,284,,,0,100,,20726,284,,,0,200,,20722,284,,,0,100,,20724,284,,,0,100,,20725,284,,,0,100,,20727,284,,,0,100,,20728,333,,,0
8100,'f394ee2a-c90c-4cfe-bbfc-c5340e68ee20',2229,,20729,243,,,0
8200,'595d987c-b6af-4553-91b7-dc23a0d7ec1c',1029,,20731,371,,,0,400,,20730,371,,,0
8200,'d3716f81-b7c0-479c-ad60-6712cf7781f4',1329,,20732,371,,,0
8600,'f394ee2a-c90c-4cfe-bbfc-c5340e68ee20',618,,20773,127,,,0,35,,20767,127,,,0,75,,20769,127,,,0,80,,20765,127,,,0,40,,20757,127,,,0,80,,20750,127,,,0,75,,20764,127,,,0,35,,20749,127,,,0,75,,20770,127,,,0,35,,20762,127,,,0,75,,20756,127,,,0,35,,20755,127,,,0,75,,20768,127,,,0,75,,20774,127,,,0,35,,20753,127,,,0,75,,20761,127,,,0,35,,20763,127,,,0,75,,20772,127,,,0,80,,20752,127,,,0,40,,20754,127,,,0,75,,20766,127,,,0,80,,20760,127,,,0,35,,20758,127,,,0,75,,20751,127,,,0,35,,20759,127,,,0,75,,20771,126,,,0
