5100,'595d987c-b6af-4553-91b7-dc23a0d7ec1c',606,,19786,48,,,0,15,,19751,48,,,0,12,,19797,48,,,0,15,,19742,48,,,0,55,,19773,48,,,0,15,,19739,48,,,0,15,,19778,48,,,0,15,,19791,48,,,0,55,,19803,48,,,0,18,,19749,48,,,0,18,,19802,48,,,0,18,,19765,48,,,0,56,,19780,48,,,0,15,,19776,48,,,0,15,,19758,48,,,0,59,,19806,48,,,0,18,,19754,48,,,0,17,,19766,48,,,0,16,,19788,48,,,0,56,,19738,48,,,0,12,,19777,48,,,0,12,,19781,48,,,0,12,,19782,48,,,0,63,,19771,48,,,0,19,,19774,48,,,0,19,,19741,48,,,0,56,,19737,48,,,0,16,,19769,48,,,0,16,,19785,48,,,0,15,,19756,48,,,0,56,,19753,48,,,0,16,,19762,48,,,0,18,,19789,48,,,0,16,,19804,48,,,0,57,,19794,48,,,0,16,,19795,48,,,0,18,,19772,48,,,0,56,,19783,48,,,0,16,,19744,48,,,0,20,,19799,48,,,0,15,,19752,48,,,0,56,,19759,48,,,0,16,,19768,48,,,0,15,,19779,48,,,0,17,,19796,48,,,0,57,,19763,48,,,0,18,,19801,48,,,0,18,,19764,48,,,0,56,,19761,48,,,0,9,,19784,48,,,0,12,,19745,48,,,0,17,,19760,48,,,0,57,,19740,48,,,0,18,,19805,48,,,0,18,,19757,48,,,0,16,,19767,48,,,0,55,,19750,48,,,0,16,,19800,48,,,0,17,,19746,48,,,0,17,,19792,48,,,0,58,,19793,48,,,0,16,,19775,48,,,0,14,,19790,48,,,0,56,,19770,48,,,0,15,,19743,48,,,0
5100,'d01a14a4-d6a9-4013-8e71-e69303fb0b13',1032,,19821,48,,,0,75,,19816,48,,,0,35,,19813,48,,,0,75,,19809,48,,,0,35,,19807,48,,,0,75,,19820,48,,,0,75,,19818,48,,,0,35,,19814,48,,,0,75,,19812,48,,,0,35,,19810,48,,,0,75,,19817,48,,,0,35,,19822,48,,,0,75,,19811,48,,,0,75,,19815,48,,,0,35,,19808,48,,,0
5100,'d3716f81-b7c0-479c-ad60-6712cf7781f4',923,,19830,48,,,0,12,,19853,48,,,0,65,,19837,48,,,0,20,,19832,48,,,0,18,,19828,48,,,0,18,,19841,48,,,0,58,,19844,48,,,0,18,,19848,48,,,0,17,,19839,48,,,0,58,,19850,48,,,0,18,,19829,48,,,0,18,,19843,48,,,0,58,,19827,48,,,0,18,,19846,48,,,0,22,,19824,48,,,0,18,,19833,48,,,0,58,,19838,48,,,0,18,,19826,48,,,0,18,,19835,48,,,0,58,,19847,48,,,0,20,,19851,48,,,0,20,,19845,48,,,0,59,,19849,48,,,0,18,,19854,48,,,0,18,,19840,48,,,0,58,,19825,48,,,0,17,,19834,48,,,0,16,,19852,48,,,0,20,,19836,48,,,0,58,,19823,48,,,0,15,,19831,48,,,0
5100,'f394ee2a-c90c-4cfe-bbfc-c5340e68ee20',551,,19894,48,,,0,53,,19876,48,,,0,13,,19883,48,,,0,12,,19869,48,,,0,16,,19889,48,,,0,14,,19868,48,,,0,56,,19926,48,,,0,15,,19928,48,,,0,15,,19918,48,,,0,58,,19862,48,,,0,15,,19919,48,,,0,13,,19877,48,,,0,14,,19878,48,,,0,56,,19886,48,,,0,17,,19892,48,,,0,17,,19863,48,,,0,17,,19920,48,,,0,56,,19915,48,,,0,13,,19927,48,,,0,15,,19861,48,,,0,15,,19906,48,,,0,56,,19902,48,,,0,20,,19855,48,,,0,17,,19860,48,,,0,13,,19864,48,,,0,53,,19874,48,,,0,16,,19905,48,,,0,15,,19896,48,,,0,16,,19870,48,,,0,56,,19910,48,,,0,13,,19922,48,,,0,14,,19875,48,,,0,17,,19930,48,,,0,54,,19901,48,,,0,14,,19913,48,,,0,14,,19911,48,,,0,14,,19921,48,,,0,55,,19917,48,,,0,15,,19904,48,,,0,16,,19895,48,,,0,15,,19858,48,,,0,55,,19884,48,,,0,14,,19908,48,,,0,14,,19857,48,,,0,14,,19888,48,,,0,55,,19871,48,,,0,14,,19891,48,,,0,16,,19893,48,,,0,15,,19890,48,,,0,55,,19880,48,,,0,14,,19897,48,,,0,14,,19909,48,,,0,12,,19898,48,,,0,55,,19923,48,,,0,12,,19925,48,,,0,15,,19929,48,,,0,14,,19887,48,,,0,14,,19907,48,,,0,54,,19916,48,,,0,14,,19859,48,,,0,14,,19873,48,,,0,14,,19903,48,,,0,56,,19899,48,,,0,17,,19856,48,,,0,15,,19866,48,,,0,14,,19912,48,,,0,54,,19881,48,,,0,14,,19900,48,,,0,10,,19885,48,,,0,16,,19914,48,,,0,57,,19872,48,,,0,24,,19924,48,,,0
9400,'595d987c-b6af-4553-91b7-dc23a0d7ec1c',643,,20822,86,,,0,84,,20832,86,,,0,85,,20823,86,,,0,45,,20833,86,,,0,86,,20834,86,,,0,85,,20824,86,,,0,87,,20840,86,,,0,87,,20838,86,,,0,47,,20836,86,,,0,87,,20821,86,,,0,87,,20835,86,,,0,86,,20828,86,,,0,46,,20827,86,,,0,85,,20830,86,,,0,85,,20831,86,,,0,85,,20829,86,,,0,46,,20826,86,,,0,86,,20839,86,,,0,86,,20825,86,,,0,86,,20837,86,,,0
9400,'d3716f81-b7c0-479c-ad60-6712cf7781f4',943,,20850,86,,,0,84,,20847,86,,,0,85,,20848,86,,,0,45,,20851,86,,,0,86,,20846,86,,,0,86,,20849,86,,,0,86,,20844,86,,,0,86,,20845,86,,,0,46,,20842,86,,,0,87,,20841,86,,,0,87,,20843,86,,,0
9400,'f394ee2a-c90c-4cfe-bbfc-c5340e68ee20',644,,20852,86,,,0,92,,20866,86,,,0,91,,20861,86,,,0,93,,20859,86,,,0,88,,20870,86,,,0,48,,20856,86,,,0,88,,20855,86,,,0,88,,20853,86,,,0,88,,20865,86,,,0,88,,20867,86,,,0,48,,20863,86,,,0,88,,20862,86,,,0,90,,20869,86,,,0,88,,20857,86,,,0,88,,20864,86,,,0,47,,20868,86,,,0,86,,20858,86,,,0,85,,20860,86,,,0,85,,20854,86,,,0
9800,'595d987c-b6af-4553-91b7-dc23a0d7ec1c',704,,20938,68,,,0,44,,20923,68,,,0,84,,20934,68,,,0,84,,20922,68,,,0,84,,20929,68,,,0,44,,20936,68,,,0,84,,20933,68,,,0,84,,20926,68,,,0,44,,20932,68,,,0,84,,20941,68,,,0,84,,20937,68,,,0,84,,20930,68,,,0,44,,20931,68,,,0,84,,20925,68,,,0,84,,20935,68,,,0,84,,20924,68,,,0,44,,20940,68,,,0,84,,20921,68,,,0,84,,20939,68,,,0,84,,20927,68,,,0,44,,20928,68,,,0
9800,'d3716f81-b7c0-479c-ad60-6712cf7781f4',1004,,20944,68,,,0,44,,20945,68,,,0,84,,20950,68,,,0,84,,20947,68,,,0,84,,20948,68,,,0,44,,20951,68,,,0,84,,20952,68,,,0,84,,20953,68,,,0,44,,20946,68,,,0,84,,20942,68,,,0,84,,20943,68,,,0,84,,20949,68,,,0
9800,'f394ee2a-c90c-4cfe-bbfc-c5340e68ee20',705,,20972,68,,,0,44,,20959,68,,,0,84,,20961,68,,,0,84,,20962,68,,,0,84,,20971,68,,,0,44,,20970,68,,,0,84,,20973,68,,,0,84,,20963,68,,,0,44,,20968,68,,,0,84,,20954,68,,,0,84,,20957,68,,,0,84,,20958,68,,,0,48,,20969,68,,,0,88,,20964,68,,,0,88,,20967,68,,,0,88,,20966,68,,,0,84,,20965,68,,,0,44,,20974,68,,,0,84,,20960,68,,,0,84,,20956,68,,,0,84,,20955,68,,,0
