5101,'595d987c-b6af-4553-91b7-dc23a0d7ec1c',613,,19931,72,,,0,15,,19985,72,,,0,15,,19978,72,,,0,15,,19967,72,,,0,54,,19981,72,,,0,14,,19974,72,,,0,20,,19937,72,,,0,55,,19942,72,,,0,15,,19963,72,,,0,15,,19952,72,,,0,15,,19949,72,,,0,57,,19950,72,,,0,18,,19971,72,,,0,18,,19933,72,,,0,16,,19990,72,,,0,55,,19959,72,,,0,15,,19953,72,,,0,23,,19941,72,,,0,58,,19964,72,,,0,19,,19943,72,,,0,16,,19986,72,,,0,16,,19976,72,,,0,52,,19962,72,,,0,12,,19940,72,,,0,12,,19982,72,,,0,23,,19989,72,,,0,59,,19934,72,,,0,19,,19973,72,,,0,16,,19980,72,,,0,56,,19961,72,,,0,16,,19968,72,,,0,18,,19998,72,,,0,16,,19993,72,,,0,56,,19983,72,,,0,18,,19951,72,,,0,16,,19957,72,,,0,57,,19936,72,,,0,16,,19992,72,,,0,19,,19984,72,,,0,16,,19995,72,,,0,56,,19994,72,,,0,20,,19946,72,,,0,15,,19987,72,,,0,56,,19975,72,,,0,16,,19965,72,,,0,14,,19970,72,,,0,17,,19960,72,,,0,57,,19939,72,,,0,18,,19948,72,,,0,18,,19944,72,,,0,16,,19955,72,,,0,53,,19945,72,,,0,17,,19935,72,,,0,17,,19997,72,,,0,58,,19932,72,,,0,18,,19954,72,,,0,16,,19991,72,,,0,15,,19966,72,,,0,56,,19996,72,,,0,17,,19947,72,,,0,17,,19977,72,,,0,16,,19979,72,,,0,56,,19969,71,,,0,17,,19938,71,,,0,11,,19956,71,,,0
5101,'d01a14a4-d6a9-4013-8e71-e69303fb0b13',1043,,20003,72,,,0,75,,20005,72,,,0,35,,20000,72,,,0,75,,20009,72,,,0,75,,20007,72,,,0,35,,20008,72,,,0,75,,20002,72,,,0,35,,20013,72,,,0,75,,20011,72,,,0,35,,20001,72,,,0,75,,20006,72,,,0,75,,20014,72,,,0,35,,20004,72,,,0,75,,20012,72,,,0,35,,19999,72,,,0
5101,'d3716f81-b7c0-479c-ad60-6712cf7781f4',925,,20031,72,,,0,18,,20042,72,,,0,60,,20038,72,,,0,11,,20034,72,,,0,31,,20035,72,,,0,60,,20015,72,,,0,18,,20036,72,,,0,18,,20037,72,,,0,18,,20021,72,,,0,58,,20033,72,,,0,20,,20041,72,,,0,18,,20016,72,,,0,58,,20023,72,,,0,18,,20017,72,,,0,18,,20044,72,,,0,58,,20039,72,,,0,22,,20040,72,,,0,18,,20022,72,,,0,58,,20027,72,,,0,18,,20028,72,,,0,18,,20024,72,,,0,18,,20029,72,,,0,60,,20018,72,,,0,20,,20045,72,,,0,19,,20019,72,,,0,58,,20046,72,,,0,18,,20043,72,,,0,18,,20030,72,,,0,49,,20032,72,,,0,20,,20025,71,,,0,19,,20026,71,,,0
5101,'f394ee2a-c90c-4cfe-bbfc-c5340e68ee20',611,,20063,72,,,0,13,,20109,72,,,0,13,,20051,72,,,0,15,,20116,72,,,0,54,,20078,72,,,0,23,,20068,72,,,0,12,,20124,72,,,0,16,,20102,72,,,0,57,,20122,72,,,0,16,,20047,72,,,0,18,,20087,72,,,0,55,,20094,72,,,0,14,,20075,72,,,0,14,,20059,72,,,0,16,,20112,72,,,0,57,,20061,72,,,0,17,,20100,72,,,0,17,,20067,72,,,0,16,,20093,72,,,0,55,,20086,72,,,0,15,,20060,72,,,0,15,,20065,72,,,0,16,,20083,72,,,0,56,,20080,72,,,0,13,,20056,72,,,0,14,,20092,72,,,0,14,,20070,72,,,0,51,,20103,72,,,0,14,,20081,72,,,0,16,,20121,72,,,0,15,,20119,72,,,0,56,,20108,72,,,0,15,,20082,72,,,0,11,,20057,72,,,0,20,,20110,72,,,0,54,,20066,72,,,0,14,,20118,72,,,0,14,,20117,72,,,0,14,,20115,72,,,0,55,,20084,72,,,0,15,,20098,72,,,0,16,,20054,72,,,0,15,,20049,72,,,0,55,,20073,72,,,0,14,,20072,72,,,0,14,,20114,72,,,0,14,,20099,72,,,0,15,,20105,72,,,0,51,,20058,72,,,0,19,,20048,72,,,0,12,,20123,72,,,0,15,,20088,72,,,0,54,,20069,72,,,0,14,,20085,72,,,0,11,,20097,72,,,0,22,,20074,72,,,0,56,,20050,72,,,0,19,,20089,72,,,0,14,,20104,72,,,0,54,,20107,72,,,0,14,,20091,72,,,0,14,,20101,72,,,0,10,,20055,72,,,0,16,,20064,72,,,0,57,,20090,72,,,0,15,,20076,72,,,0,14,,20062,72,,,0,14,,20113,72,,,0,54,,20120,71,,,0,9,,20079,71,,,0,11,,20053,71,,,0,16,,20071,71,,,0
6200,'595d987c-b6af-4553-91b7-dc23a0d7ec1c',648,,20312,197,,,0,81,,20318,197,,,0,81,,20323,197,,,0,41,,20307,197,,,0,81,,20322,197,,,0,81,,20314,197,,,0,41,,20316,197,,,0,81,,20317,197,,,0,81,,20302,197,,,0,41,,20319,197,,,0,81,,20308,197,,,0,81,,20311,197,,,0,81,,20303,197,,,0,46,,20326,197,,,0,86,,20313,197,,,0,86,,20324,197,,,0,86,,20315,197,,,0,46,,20305,197,,,0,81,,20325,197,,,0,81,,20309,197,,,0,41,,20310,197,,,0,81,,20306,197,,,0,81,,20320,197,,,0,41,,20304,197,,,0,81,,20321,198,,,0
6200,'d01a14a4-d6a9-4013-8e71-e69303fb0b13',1043,,20339,197,,,0,75,,20328,197,,,0,35,,20337,197,,,0,75,,20331,197,,,0,75,,20341,197,,,0,35,,20329,197,,,0,75,,20334,197,,,0,35,,20332,197,,,0,75,,20336,197,,,0,35,,20327,197,,,0,75,,20340,197,,,0,75,,20330,197,,,0,35,,20333,197,,,0,75,,20335,197,,,0,35,,20338,197,,,0
6200,'d3716f81-b7c0-479c-ad60-6712cf7781f4',1053,,20350,197,,,0,81,,20353,197,,,0,81,,20349,197,,,0,41,,20347,197,,,0,81,,20351,197,,,0,81,,20344,197,,,0,41,,20343,197,,,0,81,,20352,197,,,0,81,,20346,197,,,0,81,,20348,197,,,0,41,,20345,197,,,0,81,,20342,198,,,0
6200,'f394ee2a-c90c-4cfe-bbfc-c5340e68ee20',648,,20358,197,,,0,81,,20374,197,,,0,81,,20371,197,,,0,41,,20356,197,,,0,81,,20359,197,,,0,81,,20355,197,,,0,41,,20367,197,,,0,81,,20376,197,,,0,81,,20368,197,,,0,41,,20370,197,,,0,81,,20372,197,,,0,81,,20364,197,,,0,81,,20366,197,,,0,46,,20357,197,,,0,86,,20375,197,,,0,86,,20373,197,,,0,86,,20377,197,,,0,46,,20354,197,,,0,81,,20363,197,,,0,81,,20360,197,,,0,41,,20369,197,,,0,81,,20378,197,,,0,81,,20361,197,,,0,41,,20365,197,,,0,81,,20362,198,,,0
6500,'595d987c-b6af-4553-91b7-dc23a0d7ec1c',651,,20547,36,,,0,75,,20566,36,,,0,76,,20571,36,,,0,36,,20559,36,,,0,83,,20561,36,,,0,30,,20570,36,,,0,70,,20562,36,,,0,30,,20563,36,,,0,70,,20553,36,,,0,30,,20546,36,,,0,70,,20552,36,,,0,30,,20560,36,,,0,70,,20567,36,,,0,30,,20549,36,,,0,70,,20555,36,,,0,30,,20556,36,,,0,70,,20565,36,,,0,31,,20550,36,,,0,80,,20569,36,,,0,80,,20568,36,,,0,39,,20554,36,,,0,70,,20564,36,,,0,30,,20551,36,,,0,70,,20557,36,,,0,30,,20545,36,,,0,70,,20558,36,,,0,30,,20548,36,,,0,70,,20572,36,,,0
6500,'d3716f81-b7c0-479c-ad60-6712cf7781f4',1021,,20576,36,,,0,30,,20575,36,,,0,70,,20585,36,,,0,30,,20582,36,,,0,70,,20584,36,,,0,30,,20580,36,,,0,70,,20587,36,,,0,30,,20588,36,,,0,70,,20579,36,,,0,30,,20581,36,,,0,70,,20574,36,,,0,30,,20577,36,,,0,70,,20578,36,,,0,30,,20583,36,,,0,70,,20573,36,,,0,30,,20586,36,,,0
6500,'f394ee2a-c90c-4cfe-bbfc-c5340e68ee20',651,,20599,36,,,0,75,,20603,36,,,0,76,,20604,36,,,0,36,,20608,36,,,0,83,,20601,36,,,0,30,,20592,36,,,0,70,,20606,36,,,0,30,,20605,36,,,0,70,,20598,36,,,0,30,,20615,36,,,0,70,,20607,36,,,0,30,,20614,36,,,0,70,,20616,36,,,0,30,,20596,36,,,0,70,,20613,36,,,0,30,,20595,36,,,0,70,,20590,36,,,0,31,,20611,36,,,0,80,,20600,36,,,0,80,,20602,36,,,0,39,,20612,36,,,0,70,,20593,36,,,0,30,,20597,36,,,0,70,,20610,36,,,0,30,,20589,36,,,0,70,,20609,36,,,0,30,,20591,36,,,0,70,,20594,36,,,0
