5000,'595d987c-b6af-4553-91b7-dc23a0d7ec1c',715,,19637,54,,,0,35,,19664,54,,,0,75,,19661,54,,,0,75,,19654,54,,,0,35,,19643,54,,,0,75,,19662,54,,,0,35,,19652,54,,,0,75,,19653,54,,,0,37,,19648,54,,,0,77,,19659,54,,,0,80,,19642,54,,,0,37,,19650,54,,,0,80,,19658,54,,,0,77,,19660,54,,,0,40,,19639,54,,,0,77,,19651,54,,,0,80,,19663,54,,,0,37,,19638,54,,,0,76,,19640,54,,,0,37,,19645,54,,,0,75,,19657,54,,,0,75,,19656,54,,,0,35,,19646,54,,,0,75,,19641,49,,,0,35,,19655,49,,,0
5000,'d01a14a4-d6a9-4013-8e71-e69303fb0b13',1010,,19682,54,,,0,35,,19672,54,,,0,75,,19670,54,,,0,35,,19676,54,,,0,75,,19679,54,,,0,75,,19667,54,,,0,35,,19675,54,,,0,75,,19666,54,,,0,35,,19668,54,,,0,75,,19673,54,,,0,75,,19665,54,,,0,35,,19678,54,,,0,75,,19669,54,,,0,35,,19680,54,,,0,75,,19681,49,,,0,35,,19674,49,,,0,49,,19677,47,,,0
5000,'d3716f81-b7c0-479c-ad60-6712cf7781f4',1010,,19689,54,,,0,35,,19700,54,,,0,75,,19692,54,,,0,35,,19696,54,,,0,75,,19687,54,,,0,75,,19683,54,,,0,35,,19686,54,,,0,75,,19694,54,,,0,35,,19693,54,,,0,75,,19688,54,,,0,75,,19698,54,,,0,35,,19695,54,,,0,75,,19699,54,,,0,35,,19684,49,,,0,69,,19685,47,,,0,7,,19690,47,,,0
5000,'f394ee2a-c90c-4cfe-bbfc-c5340e68ee20',652,,19727,54,,,0,64,,19733,54,,,0,26,,19712,54,,,0,66,,19719,54,,,0,26,,19713,54,,,0,66,,19705,54,,,0,26,,19731,54,,,0,26,,19711,54,,,0,66,,19706,48,,,0,26,,19723,54,,,0,68,,19702,54,,,0,45,,19720,54,,,0,74,,19729,54,,,0,85,,19716,54,,,0,34,,19725,54,,,0,68,,19728,54,,,0,25,,19732,54,,,0,69,,19724,54,,,0,28,,19708,54,,,0,67,,19710,54,,,0,26,,19736,54,,,0,74,,19704,54,,,0,33,,19717,54,,,0,67,,19735,54,,,0,33,,19721,54,,,0,64,,19715,54,,,0,24,,19709,54,,,0,26,,19707,49,,,0,67,,19726,54,,,0,23,,19714,54,,,0,90,,19734,54,,,0,23,,19730,49,,,0,90,,19722,49,,,0
5101,'595d987c-b6af-4553-91b7-dc23a0d7ec1c',614,,19931,77,,,0,15,,19985,77,,,0,15,,19978,77,,,0,15,,19967,77,,,0,54,,19981,77,,,0,14,,19974,77,,,0,20,,19937,77,,,0,55,,19942,77,,,0,15,,19963,77,,,0,15,,19952,77,,,0,15,,19949,77,,,0,57,,19950,77,,,0,18,,19971,77,,,0,18,,19933,77,,,0,16,,19990,77,,,0,55,,19959,77,,,0,15,,19953,77,,,0,23,,19941,77,,,0,58,,19964,77,,,0,19,,19943,77,,,0,16,,19986,77,,,0,16,,19976,77,,,0,52,,19962,77,,,0,12,,19940,77,,,0,12,,19982,77,,,0,23,,19989,77,,,0,59,,19934,77,,,0,19,,19973,77,,,0,16,,19980,77,,,0,56,,19961,77,,,0,16,,19968,77,,,0,18,,19998,77,,,0,16,,19993,77,,,0,56,,19983,77,,,0,18,,19951,77,,,0,16,,19957,77,,,0,57,,19936,77,,,0,16,,19992,77,,,0,19,,19984,77,,,0,16,,19995,77,,,0,56,,19994,77,,,0,20,,19946,77,,,0,15,,19987,77,,,0,56,,19975,77,,,0,16,,19965,77,,,0,14,,19970,77,,,0,17,,19960,77,,,0,57,,19939,77,,,0,18,,19948,77,,,0,18,,19944,77,,,0,16,,19955,77,,,0,53,,19945,77,,,0,17,,19935,77,,,0,17,,19997,77,,,0,58,,19932,77,,,0,18,,19954,77,,,0,16,,19991,77,,,0,15,,19966,77,,,0,56,,19996,77,,,0,17,,19947,77,,,0,17,,19977,77,,,0,16,,19979,77,,,0,56,,19969,76,,,0,17,,19938,76,,,0,11,,19956,76,,,0
5101,'d01a14a4-d6a9-4013-8e71-e69303fb0b13',1044,,20003,77,,,0,75,,20005,77,,,0,35,,20000,77,,,0,75,,20009,77,,,0,75,,20007,77,,,0,35,,20008,77,,,0,75,,20002,77,,,0,35,,20013,77,,,0,75,,20011,77,,,0,35,,20001,77,,,0,75,,20006,77,,,0,75,,20014,77,,,0,35,,20004,77,,,0,75,,20012,77,,,0,35,,19999,77,,,0
5101,'d3716f81-b7c0-479c-ad60-6712cf7781f4',926,,20031,77,,,0,18,,20042,77,,,0,60,,20038,77,,,0,11,,20034,77,,,0,31,,20035,77,,,0,60,,20015,77,,,0,18,,20036,77,,,0,18,,20037,77,,,0,58,,20021,77,,,0,18,,20033,77,,,0,20,,20041,77,,,0,18,,20016,77,,,0,58,,20023,77,,,0,18,,20017,77,,,0,18,,20044,77,,,0,58,,20039,77,,,0,22,,20040,77,,,0,18,,20022,77,,,0,58,,20027,77,,,0,18,,20028,77,,,0,18,,20024,77,,,0,58,,20029,77,,,0,20,,20018,77,,,0,20,,20045,77,,,0,19,,20019,77,,,0,58,,20046,77,,,0,18,,20043,77,,,0,18,,20030,77,,,0,48,,20032,77,,,0,21,,20025,76,,,0,19,,20026,76,,,0
5101,'f394ee2a-c90c-4cfe-bbfc-c5340e68ee20',612,,20063,77,,,0,13,,20109,77,,,0,13,,20051,77,,,0,15,,20116,77,,,0,54,,20078,77,,,0,23,,20068,77,,,0,12,,20124,77,,,0,16,,20102,77,,,0,57,,20122,77,,,0,16,,20047,77,,,0,18,,20087,77,,,0,55,,20094,77,,,0,14,,20075,77,,,0,14,,20059,77,,,0,16,,20112,77,,,0,57,,20061,77,,,0,17,,20100,77,,,0,17,,20067,77,,,0,16,,20093,77,,,0,55,,20086,77,,,0,15,,20060,77,,,0,15,,20065,77,,,0,16,,20083,77,,,0,56,,20080,77,,,0,13,,20056,77,,,0,14,,20092,77,,,0,14,,20070,77,,,0,51,,20103,77,,,0,14,,20081,77,,,0,16,,20121,77,,,0,15,,20119,77,,,0,56,,20108,77,,,0,15,,20082,77,,,0,11,,20057,77,,,0,20,,20110,77,,,0,54,,20066,77,,,0,14,,20118,77,,,0,14,,20117,77,,,0,14,,20115,77,,,0,55,,20084,77,,,0,15,,20098,77,,,0,16,,20054,77,,,0,15,,20049,77,,,0,55,,20073,77,,,0,14,,20072,77,,,0,14,,20114,77,,,0,14,,20099,77,,,0,55,,20105,77,,,0,11,,20058,77,,,0,19,,20048,77,,,0,12,,20123,77,,,0,15,,20088,77,,,0,54,,20069,77,,,0,14,,20085,77,,,0,11,,20097,77,,,0,22,,20074,77,,,0,56,,20050,77,,,0,19,,20089,77,,,0,14,,20104,77,,,0,54,,20107,77,,,0,14,,20091,77,,,0,14,,20101,77,,,0,10,,20055,77,,,0,16,,20064,77,,,0,57,,20090,77,,,0,15,,20076,77,,,0,14,,20062,77,,,0,14,,20113,77,,,0,54,,20120,76,,,0,9,,20079,76,,,0,11,,20053,76,,,0,16,,20071,76,,,0
6200,'595d987c-b6af-4553-91b7-dc23a0d7ec1c',650,,20312,199,,,0,81,,20318,199,,,0,81,,20323,199,,,0,41,,20307,199,,,0,81,,20322,199,,,0,81,,20314,199,,,0,41,,20316,199,,,0,81,,20317,199,,,0,81,,20302,199,,,0,41,,20319,199,,,0,81,,20308,199,,,0,81,,20311,199,,,0,81,,20303,199,,,0,45,,20326,199,,,0,86,,20313,199,,,0,86,,20324,199,,,0,86,,20315,199,,,0,46,,20305,199,,,0,82,,20325,199,,,0,81,,20309,199,,,0,41,,20310,199,,,0,81,,20306,199,,,0,81,,20320,199,,,0,41,,20304,199,,,0,81,,20321,200,,,0
6200,'d01a14a4-d6a9-4013-8e71-e69303fb0b13',1044,,20339,199,,,0,75,,20328,199,,,0,35,,20337,199,,,0,75,,20331,199,,,0,75,,20341,199,,,0,35,,20329,199,,,0,75,,20334,199,,,0,35,,20332,199,,,0,75,,20336,199,,,0,35,,20327,199,,,0,75,,20340,199,,,0,75,,20330,199,,,0,35,,20333,199,,,0,75,,20335,199,,,0,35,,20338,199,,,0
6200,'d3716f81-b7c0-479c-ad60-6712cf7781f4',1055,,20350,199,,,0,81,,20353,199,,,0,81,,20349,199,,,0,41,,20347,199,,,0,81,,20351,199,,,0,81,,20344,199,,,0,81,,20343,199,,,0,41,,20352,199,,,0,81,,20346,199,,,0,81,,20348,199,,,0,41,,20345,199,,,0,81,,20342,200,,,0
6200,'f394ee2a-c90c-4cfe-bbfc-c5340e68ee20',650,,20358,199,,,0,81,,20374,199,,,0,81,,20371,199,,,0,41,,20356,199,,,0,81,,20359,199,,,0,81,,20355,199,,,0,41,,20367,199,,,0,81,,20376,199,,,0,81,,20368,199,,,0,41,,20370,199,,,0,81,,20372,199,,,0,81,,20364,199,,,0,81,,20366,199,,,0,45,,20357,199,,,0,86,,20375,199,,,0,86,,20373,199,,,0,86,,20377,199,,,0,46,,20354,199,,,0,82,,20363,199,,,0,81,,20360,199,,,0,41,,20369,199,,,0,81,,20378,199,,,0,81,,20361,199,,,0,41,,20365,199,,,0,81,,20362,200,,,0
6500,'595d987c-b6af-4553-91b7-dc23a0d7ec1c',652,,20547,38,,,0,75,,20566,38,,,0,76,,20571,38,,,0,36,,20559,38,,,0,83,,20561,38,,,0,30,,20570,38,,,0,70,,20562,38,,,0,30,,20563,38,,,0,70,,20553,38,,,0,30,,20546,38,,,0,70,,20552,38,,,0,30,,20560,38,,,0,70,,20567,38,,,0,30,,20549,38,,,0,70,,20555,38,,,0,30,,20556,38,,,0,70,,20565,38,,,0,32,,20550,38,,,0,80,,20569,38,,,0,80,,20568,38,,,0,38,,20554,38,,,0,70,,20564,38,,,0,30,,20551,38,,,0,70,,20557,38,,,0,30,,20545,38,,,0,70,,20558,38,,,0,30,,20548,38,,,0,70,,20572,38,,,0
6500,'d3716f81-b7c0-479c-ad60-6712cf7781f4',1022,,20576,38,,,0,30,,20575,38,,,0,70,,20585,38,,,0,30,,20582,38,,,0,70,,20584,38,,,0,30,,20580,38,,,0,70,,20587,38,,,0,30,,20588,38,,,0,70,,20579,38,,,0,30,,20581,38,,,0,70,,20574,38,,,0,30,,20577,38,,,0,70,,20578,38,,,0,30,,20583,38,,,0,70,,20573,38,,,0,30,,20586,38,,,0
6500,'f394ee2a-c90c-4cfe-bbfc-c5340e68ee20',652,,20599,38,,,0,75,,20603,38,,,0,76,,20604,38,,,0,36,,20608,38,,,0,83,,20601,38,,,0,30,,20592,38,,,0,70,,20606,38,,,0,30,,20605,38,,,0,70,,20598,38,,,0,30,,20615,38,,,0,70,,20607,38,,,0,30,,20614,38,,,0,70,,20616,38,,,0,30,,20596,38,,,0,70,,20613,38,,,0,30,,20595,38,,,0,70,,20590,38,,,0,32,,20611,38,,,0,80,,20600,38,,,0,80,,20602,38,,,0,38,,20612,38,,,0,70,,20593,38,,,0,30,,20597,38,,,0,70,,20610,38,,,0,30,,20589,38,,,0,70,,20609,38,,,0,30,,20591,38,,,0,70,,20594,38,,,0
