6800,'3d6b7334-041d-4cdf-b33e-9fc06607d92b',630,,19126,7,,,0,70,,19115,7,,,0,30,,19123,7,,,0,70,,19124,7,,,0,30,,19121,7,,,0,112,,19116,7,,,0,100,,19127,7,,,0,488,,19122,7,,,0,70,,19118,7,,,0,30,,19120,7,,,0,70,,19125,7,,,0,30,,19129,7,,,0,90,,19128,7,,,0,100,,19117,7,,,0,100,,19119,7,,,0
6800,'55f98007-25ae-4999-903a-9517a72acc76',700,,19130,7,,,0,100,,19137,7,,,0,100,,19134,7,,,0,100,,19136,7,,,0,600,,19135,7,,,0,100,,19131,7,,,0,100,,19133,7,,,0,100,,19138,7,,,0,100,,19132,7,,,0
6800,'aebab1a8-3c1a-47f7-a9ad-73a4dd0b203e',1000,,19143,7,,,0,200,,19142,7,,,0,200,,19141,7,,,0,200,,19140,7,,,0,200,,19139,7,,,0
8100,'29bb4b7a-5d7b-4f78-bccd-adce0636a676',1016,,19152,6,,,0,100,,19151,6,,,0,100,,19146,6,,,0,100,,19150,6,,,0,100,,19149,6,,,0,100,,19147,6,,,0,100,,19145,6,,,0,100,,19148,6,,,0,100,,19144,6,,,0
8100,'3d6b7334-041d-4cdf-b33e-9fc06607d92b',2131,,19153,6,,,0
8100,'55f98007-25ae-4999-903a-9517a72acc76',631,,19160,6,,,0,100,,19154,6,,,0,100,,19157,6,,,0,200,,19162,6,,,0,100,,19159,6,,,0,100,,19156,6,,,0,200,,19155,6,,,0,100,,19158,6,,,0,100,,19166,6,,,0,100,,19164,6,,,0,100,,19167,6,,,0,100,,19165,6,,,0,100,,19161,6,,,0,100,,19163,6,,,0
8100,'aebab1a8-3c1a-47f7-a9ad-73a4dd0b203e',1031,,19169,6,,,0,100,,19170,6,,,0,200,,19168,6,,,0,100,,19174,6,,,0,100,,19172,6,,,0,100,,19173,6,,,0,100,,19171,6,,,0
8200,'55f98007-25ae-4999-903a-9517a72acc76',931,,19176,6,,,0,400,,19175,6,,,0
8200,'aebab1a8-3c1a-47f7-a9ad-73a4dd0b203e',1231,,19177,6,,,0
8600,'3d6b7334-041d-4cdf-b33e-9fc06607d92b',546,,19202,7,,,0,75,,19199,7,,,0,35,,19217,7,,,0,75,,19212,7,,,0,80,,19218,7,,,0,40,,19214,7,,,0,80,,19210,7,,,0,75,,19206,7,,,0,35,,19213,7,,,0,75,,19198,7,,,0,35,,19215,7,,,0,75,,19219,7,,,0,75,,19200,7,,,0,35,,19201,7,,,0,75,,19203,7,,,0,35,,19211,7,,,0,75,,19194,7,,,0,35,,19197,7,,,0,75,,19205,7,,,0,80,,19208,7,,,0,40,,19207,7,,,0,80,,19204,7,,,0,75,,19195,7,,,0,35,,19209,7,,,0,75,,19196,7,,,0,35,,19216,7,,,0
