5101,'595d987c-b6af-4553-91b7-dc23a0d7ec1c',605,,19931,14,,,0,15,,19985,14,,,0,15,,19978,14,,,0,15,,19967,14,,,0,53,,19981,14,,,0,14,,19974,14,,,0,18,,19937,14,,,0,15,,19942,14,,,0,55,,19963,14,,,0,15,,19952,14,,,0,15,,19949,14,,,0,17,,19950,14,,,0,58,,19971,14,,,0,18,,19933,14,,,0,16,,19990,14,,,0,15,,19959,14,,,0,55,,19953,14,,,0,23,,19941,14,,,0,18,,19964,14,,,0,58,,19943,14,,,0,16,,19986,14,,,0,16,,19976,14,,,0,12,,19962,14,,,0,52,,19940,14,,,0,12,,19982,14,,,0,23,,19989,14,,,0,59,,19934,14,,,0,19,,19973,14,,,0,16,,19980,14,,,0,16,,19961,14,,,0,56,,19968,14,,,0,18,,19998,14,,,0,16,,19993,14,,,0,56,,19983,14,,,0,18,,19951,14,,,0,16,,19957,14,,,0,17,,19936,14,,,0,56,,19992,14,,,0,18,,19984,14,,,0,16,,19995,14,,,0,16,,19994,14,,,0,60,,19946,14,,,0,15,,19987,14,,,0,16,,19975,14,,,0,56,,19965,14,,,0,15,,19970,14,,,0,17,,19960,14,,,0,17,,19939,14,,,0,58,,19948,14,,,0,18,,19944,14,,,0,16,,19955,14,,,0,14,,19945,14,,,0,57,,19935,14,,,0,17,,19997,14,,,0,18,,19932,14,,,0,58,,19954,14,,,0,16,,19991,14,,,0,15,,19966,14,,,0,16,,19996,14,,,0,57,,19947,14,,,0,17,,19977,14,,,0,17,,19979,14,,,0,56,,19969,14,,,0,17,,19938,14,,,0,12,,19956,14,,,0
5101,'d01a14a4-d6a9-4013-8e71-e69303fb0b13',1032,,20003,14,,,0,75,,20005,14,,,0,35,,20000,14,,,0,75,,20009,14,,,0,35,,20007,14,,,0,75,,20008,14,,,0,75,,20002,14,,,0,35,,20013,14,,,0,75,,20011,14,,,0,35,,20001,14,,,0,75,,20006,14,,,0,35,,20014,14,,,0,75,,20004,14,,,0,75,,20012,14,,,0,35,,19999,14,,,0
5101,'d3716f81-b7c0-479c-ad60-6712cf7781f4',915,,20031,14,,,0,18,,20042,14,,,0,20,,20038,14,,,0,52,,20034,14,,,0,29,,20035,14,,,0,20,,20015,14,,,0,58,,20036,14,,,0,18,,20037,14,,,0,18,,20021,14,,,0,58,,20033,14,,,0,20,,20041,14,,,0,18,,20016,14,,,0,58,,20023,14,,,0,18,,20017,14,,,0,18,,20044,14,,,0,18,,20039,14,,,0,62,,20040,14,,,0,18,,20022,14,,,0,18,,20027,14,,,0,58,,20028,14,,,0,18,,20024,14,,,0,18,,20029,14,,,0,60,,20018,14,,,0,20,,20045,14,,,0,19,,20019,14,,,0,58,,20046,14,,,0,18,,20043,14,,,0,18,,20030,14,,,0,16,,20032,14,,,0,54,,20025,14,,,0,20,,20026,14,,,0
5101,'f394ee2a-c90c-4cfe-bbfc-c5340e68ee20',603,,20063,14,,,0,13,,20109,14,,,0,13,,20051,14,,,0,14,,20116,14,,,0,14,,20078,14,,,0,61,,20068,14,,,0,12,,20124,14,,,0,16,,20102,14,,,0,57,,20122,14,,,0,16,,20047,14,,,0,18,,20087,14,,,0,15,,20094,14,,,0,53,,20075,14,,,0,14,,20059,14,,,0,17,,20112,14,,,0,17,,20061,14,,,0,57,,20100,14,,,0,17,,20067,14,,,0,16,,20093,14,,,0,14,,20086,14,,,0,55,,20060,14,,,0,15,,20065,14,,,0,16,,20083,14,,,0,16,,20080,14,,,0,53,,20056,14,,,0,13,,20092,14,,,0,12,,20070,14,,,0,11,,20103,14,,,0,56,,20081,14,,,0,16,,20121,14,,,0,16,,20119,14,,,0,16,,20108,14,,,0,52,,20082,14,,,0,11,,20057,14,,,0,20,,20110,14,,,0,14,,20066,14,,,0,54,,20118,14,,,0,14,,20117,14,,,0,14,,20115,14,,,0,16,,20084,14,,,0,54,,20098,14,,,0,16,,20054,14,,,0,15,,20049,14,,,0,15,,20073,14,,,0,54,,20072,14,,,0,14,,20114,14,,,0,14,,20099,14,,,0,15,,20105,14,,,0,14,,20058,14,,,0,56,,20048,14,,,0,15,,20123,14,,,0,15,,20088,14,,,0,14,,20069,14,,,0,54,,20085,14,,,0,12,,20097,14,,,0,22,,20074,14,,,0,56,,20050,14,,,0,18,,20089,14,,,0,14,,20104,14,,,0,14,,20107,14,,,0,54,,20091,14,,,0,14,,20101,14,,,0,11,,20055,14,,,0,16,,20064,14,,,0,57,,20090,14,,,0,15,,20076,14,,,0,14,,20062,14,,,0,14,,20113,14,,,0,14,,20120,14,,,0,49,,20079,14,,,0,15,,20053,14,,,0,14,,20071,14,,,0
6200,'595d987c-b6af-4553-91b7-dc23a0d7ec1c',623,,20312,77,,,0,81,,20318,77,,,0,41,,20323,77,,,0,81,,20307,77,,,0,81,,20322,77,,,0,41,,20314,77,,,0,81,,20316,77,,,0,81,,20317,77,,,0,41,,20302,77,,,0,81,,20319,77,,,0,81,,20308,77,,,0,41,,20311,77,,,0,81,,20303,77,,,0,82,,20326,77,,,0,86,,20313,77,,,0,46,,20324,77,,,0,86,,20315,77,,,0,86,,20305,77,,,0,85,,20325,77,,,0,41,,20309,77,,,0,81,,20310,77,,,0,81,,20306,77,,,0,41,,20320,77,,,0,81,,20304,77,,,0,81,,20321,77,,,0
6200,'d01a14a4-d6a9-4013-8e71-e69303fb0b13',1023,,20339,77,,,0,35,,20328,77,,,0,75,,20337,77,,,0,75,,20331,77,,,0,35,,20341,77,,,0,75,,20329,77,,,0,35,,20334,77,,,0,75,,20332,77,,,0,75,,20336,77,,,0,35,,20327,77,,,0,75,,20340,77,,,0,35,,20330,77,,,0,75,,20333,77,,,0,35,,20335,77,,,0,75,,20338,77,,,0
6200,'d3716f81-b7c0-479c-ad60-6712cf7781f4',1028,,20350,77,,,0,81,,20353,77,,,0,41,,20349,77,,,0,81,,20347,77,,,0,81,,20351,77,,,0,41,,20344,77,,,0,81,,20343,77,,,0,81,,20352,77,,,0,41,,20346,77,,,0,81,,20348,77,,,0,81,,20345,77,,,0,41,,20342,77,,,0
6200,'f394ee2a-c90c-4cfe-bbfc-c5340e68ee20',623,,20358,77,,,0,81,,20374,77,,,0,41,,20371,77,,,0,81,,20356,77,,,0,81,,20359,77,,,0,41,,20355,77,,,0,81,,20367,77,,,0,81,,20376,77,,,0,41,,20368,77,,,0,81,,20370,77,,,0,81,,20372,77,,,0,41,,20364,77,,,0,81,,20366,77,,,0,82,,20357,77,,,0,86,,20375,77,,,0,46,,20373,77,,,0,86,,20377,77,,,0,86,,20354,77,,,0,85,,20363,77,,,0,41,,20360,77,,,0,81,,20369,77,,,0,81,,20378,77,,,0,41,,20361,77,,,0,81,,20365,77,,,0,81,,20362,77,,,0
9801,'595d987c-b6af-4553-91b7-dc23a0d7ec1c',642,,20982,51,,,0,84,,20979,51,,,0,84,,20990,51,,,0,44,,20986,51,,,0,84,,20977,51,,,0,84,,20989,51,,,0,84,,20994,51,,,0,44,,20992,51,,,0,84,,20976,51,,,0,84,,20978,51,,,0,84,,20985,51,,,0,44,,20987,51,,,0,84,,20975,51,,,0,84,,20988,51,,,0,44,,20995,51,,,0,84,,20983,51,,,0,84,,20984,51,,,0,84,,20980,51,,,0,44,,20991,51,,,0,84,,20981,51,,,0,84,,20993,51,,,0
9801,'d3716f81-b7c0-479c-ad60-6712cf7781f4',942,,20997,51,,,0,84,,20998,51,,,0,84,,21002,51,,,0,44,,21005,51,,,0,84,,21001,51,,,0,84,,20996,51,,,0,84,,20999,51,,,0,44,,21000,51,,,0,84,,21003,51,,,0,84,,21006,51,,,0,84,,21007,51,,,0,44,,21004,51,,,0
9801,'f394ee2a-c90c-4cfe-bbfc-c5340e68ee20',642,,21020,51,,,0,85,,21010,51,,,0,84,,21024,51,,,0,44,,21026,51,,,0,84,,21014,51,,,0,84,,21027,51,,,0,84,,21011,51,,,0,44,,21023,51,,,0,84,,21009,51,,,0,84,,21008,51,,,0,84,,21021,51,,,0,44,,21015,51,,,0,86,,21017,51,,,0,88,,21025,51,,,0,88,,21016,51,,,0,48,,21028,51,,,0,86,,21022,51,,,0,84,,21019,51,,,0,84,,21018,51,,,0,44,,21013,51,,,0,84,,21012,51,,,0
