5101,'595d987c-b6af-4553-91b7-dc23a0d7ec1c',616,,19988,133,,,0,15,,19931,133,,,0,15,,19985,133,,,0,55,,19978,133,,,0,15,,19967,133,,,0,14,,19981,133,,,0,14,,19974,133,,,0,61,,19937,133,,,0,15,,19942,133,,,0,15,,19963,133,,,0,15,,19952,133,,,0,55,,19949,133,,,0,17,,19950,133,,,0,18,,19971,133,,,0,18,,19933,133,,,0,56,,19990,133,,,0,15,,19959,133,,,0,15,,19953,133,,,0,63,,19941,133,,,0,18,,19964,133,,,0,22,,19943,133,,,0,56,,19986,133,,,0,16,,19976,133,,,0,12,,19962,133,,,0,12,,19940,133,,,0,12,,19982,133,,,0,63,,19989,133,,,0,19,,19934,133,,,0,19,,19973,133,,,0,56,,19980,133,,,0,16,,19961,133,,,0,16,,19968,133,,,0,58,,19998,133,,,0,16,,19993,133,,,0,16,,19983,133,,,0,18,,19951,133,,,0,56,,19957,133,,,0,17,,19936,133,,,0,16,,19992,133,,,0,59,,19984,133,,,0,16,,19995,133,,,0,16,,19994,133,,,0,20,,19946,133,,,0,55,,19987,133,,,0,16,,19975,133,,,0,16,,19965,133,,,0,11,,19970,133,,,0,57,,19960,133,,,0,17,,19939,133,,,0,18,,19948,133,,,0,58,,19944,133,,,0,16,,19955,133,,,0,13,,19945,133,,,0,17,,19935,133,,,0,57,,19997,133,,,0,18,,19932,133,,,0,18,,19954,133,,,0,16,,19991,133,,,0,55,,19966,133,,,0,16,,19996,133,,,0,17,,19947,133,,,0,16,,19977,133,,,0,56,,19979,133,,,0
5101,'d01a14a4-d6a9-4013-8e71-e69303fb0b13',1025,,20010,133,,,0,77,,20003,133,,,0,35,,20005,133,,,0,75,,20000,133,,,0,35,,20009,133,,,0,75,,20007,133,,,0,35,,20008,133,,,0,75,,20002,133,,,0,75,,20013,133,,,0,35,,20011,133,,,0,75,,20001,133,,,0,35,,20006,133,,,0,75,,20014,133,,,0,75,,20004,133,,,0,35,,20012,133,,,0,74,,19999,133,,,0
5101,'d3716f81-b7c0-479c-ad60-6712cf7781f4',924,,20020,133,,,0,20,,20031,133,,,0,58,,20042,133,,,0,20,,20038,133,,,0,9,,20034,133,,,0,76,,20035,133,,,0,20,,20015,133,,,0,18,,20036,133,,,0,58,,20037,133,,,0,18,,20021,133,,,0,18,,20033,133,,,0,20,,20041,133,,,0,58,,20016,133,,,0,18,,20023,133,,,0,18,,20017,133,,,0,58,,20044,133,,,0,18,,20039,133,,,0,23,,20040,133,,,0,58,,20022,133,,,0,18,,20027,133,,,0,18,,20028,133,,,0,58,,20024,133,,,0,18,,20029,133,,,0,20,,20018,133,,,0,60,,20045,133,,,0,19,,20019,133,,,0,16,,20046,133,,,0,18,,20043,133,,,0,58,,20030,133,,,0,5,,20032,133,,,0
5101,'f394ee2a-c90c-4cfe-bbfc-c5340e68ee20',609,,20052,133,,,0,18,,20063,133,,,0,13,,20109,133,,,0,13,,20051,133,,,0,57,,20116,133,,,0,14,,20078,133,,,0,24,,20068,133,,,0,52,,20124,133,,,0,20,,20102,133,,,0,17,,20122,133,,,0,15,,20047,133,,,0,58,,20087,133,,,0,15,,20094,133,,,0,14,,20075,133,,,0,14,,20059,133,,,0,56,,20112,133,,,0,17,,20061,133,,,0,17,,20100,133,,,0,57,,20067,133,,,0,16,,20093,133,,,0,15,,20086,133,,,0,15,,20060,133,,,0,55,,20065,133,,,0,16,,20083,133,,,0,16,,20080,133,,,0,13,,20056,133,,,0,54,,20092,133,,,0,14,,20070,133,,,0,13,,20103,133,,,0,14,,20081,133,,,0,14,,20111,133,,,0,55,,20119,133,,,0,16,,20108,133,,,0,15,,20082,133,,,0,11,,20057,133,,,0,60,,20110,133,,,0,14,,20066,133,,,0,14,,20118,133,,,0,14,,20117,133,,,0,54,,20115,133,,,0,16,,20084,133,,,0,14,,20098,133,,,0,16,,20054,133,,,0,55,,20049,133,,,0,15,,20073,133,,,0,14,,20072,133,,,0,14,,20114,133,,,0,54,,20099,133,,,0,15,,20105,133,,,0,11,,20058,133,,,0,19,,20048,133,,,0,52,,20123,133,,,0,15,,20088,133,,,0,11,,20069,133,,,0,14,,20085,133,,,0,11,,20097,133,,,0,62,,20074,133,,,0,16,,20050,133,,,0,19,,20089,133,,,0,54,,20104,133,,,0,14,,20107,133,,,0,14,,20091,133,,,0,14,,20101,133,,,0,10,,20055,133,,,0,56,,20064,133,,,0,17,,20090,133,,,0,15,,20076,133,,,0,14,,20062,133,,,0,54,,20113,133,,,0
6600,'595d987c-b6af-4553-91b7-dc23a0d7ec1c',725,,20621,247,,,0,100,,20617,247,,,0,800,,20618,247,,,0,100,,20619,247,,,0,100,,20620,247,,,0
6600,'d3716f81-b7c0-479c-ad60-6712cf7781f4',1125,,20623,247,,,0,200,,20625,247,,,0,200,,20622,247,,,0,200,,20624,247,,,0
6600,'f394ee2a-c90c-4cfe-bbfc-c5340e68ee20',725,,20634,247,,,0,110,,20629,247,,,0,170,,20632,247,,,0,110,,20626,247,,,0,110,,20635,247,,,0,115,,20637,306,0,8,0,110,,20633,283,,,0,150,,20627,283,,,0,110,,20631,283,,,0,110,,20628,283,,,0,115,,20630,368,,,0,101,,20636,283,,,0
6700,'595d987c-b6af-4553-91b7-dc23a0d7ec1c',631,,20642,9,,,0,100,,20641,9,,,0,100,,20644,9,,,0,100,,20647,9,,,0,100,,20639,9,,,0,500,,20640,9,,,0,100,,20643,9,,,0,100,,20638,9,,,0,100,,20645,9,,,0,100,,20646,9,,,0
6700,'d3716f81-b7c0-479c-ad60-6712cf7781f4',931,,20648,9,,,0,200,,20651,9,,,0,200,,20650,9,,,0,200,,20652,9,,,0,200,,20649,9,,,0
6700,'f394ee2a-c90c-4cfe-bbfc-c5340e68ee20',631,,20669,9,,,0,70,,20658,9,,,0,20,,20655,9,,,0,12,,20662,9,,,0,75,,20668,9,,,0,35,,20653,9,,,0,70,,20657,9,,,0,100,,20667,9,,,0,338,,20663,9,,,0,70,,20654,9,,,0,110,,20659,9,,,0,75,,20660,9,,,0,35,,20656,9,,,0,75,,20665,9,,,0,35,,20664,9,,,0,100,,20666,9,,,0,100,,20661,9,,,0
