8100,'595d987c-b6af-4553-91b7-dc23a0d7ec1c',633,,20710,22,,,0,100,,20700,22,,,0,100,,20699,22,,,0,200,,20705,22,,,0,100,,20701,22,,,0,100,,20707,22,,,0,200,,20712,22,,,0,100,,20708,22,,,0,100,,20706,22,,,0,100,,20704,22,,,0,100,,20702,22,,,0,100,,20703,22,,,0,100,,20711,22,,,0,99,,20709,21,,,0
8100,'d01a14a4-d6a9-4013-8e71-e69303fb0b13',1017,,20719,21,,,0,100,,20713,21,,,0,100,,20718,21,,,0,100,,20715,21,,,0,100,,20717,21,,,0,100,,20716,21,,,0,100,,20720,21,,,0,100,,20714,21,,,0,100,,20721,21,,,0
8100,'d3716f81-b7c0-479c-ad60-6712cf7781f4',1033,,20723,22,,,0,100,,20726,22,,,0,200,,20722,22,,,0,100,,20724,22,,,0,100,,20725,22,,,0,100,,20727,22,,,0,100,,20728,22,,,0
8100,'f394ee2a-c90c-4cfe-bbfc-c5340e68ee20',2132,,20729,21,,,0
8200,'595d987c-b6af-4553-91b7-dc23a0d7ec1c',933,,20731,23,,,0,400,,20730,23,,,0
8200,'d3716f81-b7c0-479c-ad60-6712cf7781f4',1233,,20732,23,,,0
8600,'f394ee2a-c90c-4cfe-bbfc-c5340e68ee20',548,,20773,20,,,0,75,,20767,20,,,0,35,,20769,20,,,0,75,,20765,20,,,0,80,,20757,20,,,0,40,,20750,20,,,0,80,,20764,20,,,0,75,,20749,20,,,0,35,,20770,20,,,0,75,,20762,20,,,0,35,,20756,20,,,0,75,,20755,20,,,0,75,,20768,20,,,0,35,,20774,20,,,0,75,,20753,20,,,0,35,,20761,20,,,0,75,,20763,20,,,0,35,,20772,20,,,0,75,,20752,20,,,0,80,,20754,20,,,0,40,,20766,20,,,0,80,,20760,20,,,0,75,,20758,20,,,0,35,,20751,20,,,0,75,,20759,20,,,0,35,,20771,21,,,0
9400,'595d987c-b6af-4553-91b7-dc23a0d7ec1c',658,,20822,182,,,0,86,,20832,182,,,0,85,,20823,182,,,0,85,,20833,182,,,0,86,,20834,182,,,0,46,,20824,182,,,0,87,,20840,182,,,0,87,,20838,182,,,0,87,,20836,182,,,0,47,,20821,182,,,0,87,,20835,182,,,0,86,,20828,182,,,0,85,,20827,182,,,0,45,,20830,182,,,0,85,,20831,182,,,0,85,,20829,182,,,0,86,,20826,182,,,0,46,,20839,182,,,0,86,,20825,182,,,0,86,,20837,182,,,0
9400,'d3716f81-b7c0-479c-ad60-6712cf7781f4',958,,20850,182,,,0,86,,20847,182,,,0,85,,20848,182,,,0,86,,20851,182,,,0,86,,20846,182,,,0,46,,20849,182,,,0,86,,20844,182,,,0,86,,20845,182,,,0,86,,20842,182,,,0,47,,20841,182,,,0,87,,20843,182,,,0
9400,'f394ee2a-c90c-4cfe-bbfc-c5340e68ee20',704,,20852,182,,,0,51,,20866,182,,,0,93,,20861,182,,,0,90,,20859,182,,,0,88,,20870,182,,,0,88,,20856,182,,,0,88,,20855,182,,,0,48,,20853,182,,,0,88,,20865,182,,,0,88,,20867,182,,,0,88,,20863,182,,,0,88,,20862,182,,,0,50,,20869,182,,,0,89,,20857,182,,,0,88,,20864,182,,,0,86,,20868,182,,,0,85,,20858,182,,,0,45,,20860,182,,,0,85,,20854,182,,,0
1009400,'595d987c-b6af-4553-91b7-dc23a0d7ec1c',632,,21029,14,,,0,83,,21035,14,,,0,43,,21039,14,,,0,83,,21048,14,,,0,83,,21038,14,,,0,84,,21032,14,,,0,45,,21041,14,,,0,85,,21031,14,,,0,85,,21036,14,,,0,85,,21047,14,,,0,45,,21037,14,,,0,84,,21046,14,,,0,83,,21030,14,,,0,83,,21033,14,,,0,43,,21034,14,,,0,83,,21040,14,,,0,83,,21043,14,,,0,43,,21045,14,,,0,83,,21042,14,,,0,83,,21044,14,,,0,83,,21049,14,,,0
1009400,'d3716f81-b7c0-479c-ad60-6712cf7781f4',932,,21054,14,,,0,83,,21061,14,,,0,43,,21050,14,,,0,84,,21055,14,,,0,84,,21060,14,,,0,84,,21059,14,,,0,44,,21058,14,,,0,84,,21056,14,,,0,84,,21052,14,,,0,84,,21051,14,,,0,44,,21057,14,,,0,84,,21053,14,,,0
1009400,'f394ee2a-c90c-4cfe-bbfc-c5340e68ee20',631,,21064,14,,,0,86,,21076,14,,,0,87,,21065,14,,,0,48,,21075,14,,,0,88,,21073,14,,,0,85,,21067,14,,,0,85,,21062,14,,,0,45,,21079,14,,,0,85,,21077,14,,,0,85,,21063,14,,,0,85,,21066,14,,,0,45,,21082,14,,,0,85,,21070,14,,,0,85,,21080,14,,,0,86,,21081,14,,,0,44,,21071,14,,,0,84,,21068,14,,,0,83,,21072,14,,,0,83,,21078,14,,,0,43,,21074,14,,,0,83,,21069,14,,,0
1009600,'595d987c-b6af-4553-91b7-dc23a0d7ec1c',631,,21088,13,,,0,81,,21096,13,,,0,42,,21100,13,,,0,82,,21092,13,,,0,82,,21095,13,,,0,84,,21102,13,,,0,44,,21101,13,,,0,84,,21099,13,,,0,84,,21090,13,,,0,44,,21086,13,,,0,84,,21098,13,,,0,82,,21089,13,,,0,82,,21093,13,,,0,42,,21084,13,,,0,82,,21091,13,,,0,82,,21083,13,,,0,40,,21085,13,,,0,80,,21087,13,,,0,80,,21097,13,,,0,40,,21094,13,,,0,80,,21103,13,,,0,80,,21104,13,,,0
1009600,'d3716f81-b7c0-479c-ad60-6712cf7781f4',931,,21110,13,,,0,81,,21112,13,,,0,42,,21105,13,,,0,83,,21111,13,,,0,84,,21117,13,,,0,84,,21115,13,,,0,44,,21114,13,,,0,84,,21106,13,,,0,83,,21108,13,,,0,40,,21116,13,,,0,80,,21107,13,,,0,80,,21109,13,,,0,40,,21113,13,,,0
1009600,'f394ee2a-c90c-4cfe-bbfc-c5340e68ee20',632,,21138,13,,,0,85,,21128,13,,,0,85,,21127,13,,,0,45,,21130,13,,,0,84,,21124,13,,,0,82,,21125,13,,,0,42,,21134,13,,,0,83,,21119,13,,,0,83,,21137,13,,,0,83,,21121,13,,,0,43,,21122,13,,,0,83,,21131,13,,,0,83,,21129,13,,,0,44,,21126,13,,,0,86,,21118,13,,,0,84,,21133,13,,,0,84,,21135,13,,,0,42,,21123,13,,,0,82,,21132,13,,,0,82,,21136,13,,,0,40,,21120,13,,,0
