5100,'595d987c-b6af-4553-91b7-dc23a0d7ec1c',601,,19786,37,,,0,15,,19751,37,,,0,12,,19797,37,,,0,15,,19742,37,,,0,15,,19773,37,,,0,55,,19739,37,,,0,15,,19778,37,,,0,15,,19791,37,,,0,15,,19803,37,,,0,58,,19749,37,,,0,18,,19802,37,,,0,18,,19765,37,,,0,56,,19780,37,,,0,15,,19776,37,,,0,15,,19758,37,,,0,18,,19806,37,,,0,58,,19754,37,,,0,17,,19766,37,,,0,16,,19788,37,,,0,56,,19738,37,,,0,12,,19777,37,,,0,12,,19781,37,,,0,12,,19782,37,,,0,63,,19771,37,,,0,19,,19774,37,,,0,19,,19741,37,,,0,16,,19737,37,,,0,56,,19769,37,,,0,16,,19785,37,,,0,15,,19756,37,,,0,16,,19753,37,,,0,56,,19762,37,,,0,18,,19748,37,4,,0,16,,19804,37,,,0,57,,19794,37,,,0,16,,19795,37,,,0,18,,19772,37,,,0,16,,19783,37,,,0,56,,19744,37,,,0,20,,19799,37,,,0,15,,19752,37,,,0,56,,19759,37,,,0,16,,19768,37,,,0,15,,19779,37,,,0,17,,19796,37,,,0,57,,19763,37,,,0,18,,19801,37,,,0,18,,19764,37,,,0,56,,19761,37,,,0,10,,19784,37,,,0,12,,19745,37,,,0,17,,19760,37,,,0,17,,19740,37,,,0,58,,19805,37,,,0,18,,19757,37,,,0,16,,19767,37,,,0,55,,19750,37,,,0,16,,19800,37,,,0,17,,19746,37,,,0,17,,19792,37,,,0,58,,19793,37,,,0,16,,19775,37,,,0,14,,19790,37,,,0,16,,19770,37,,,0,56,,19743,37,,,0
5100,'d01a14a4-d6a9-4013-8e71-e69303fb0b13',1027,,19821,37,,,0,75,,19816,37,,,0,35,,19813,37,,,0,75,,19809,37,,,0,35,,19807,37,,,0,75,,19820,37,,,0,35,,19818,37,,,0,75,,19814,37,,,0,75,,19812,37,,,0,35,,19810,37,,,0,75,,19817,37,,,0,35,,19822,37,,,0,75,,19811,37,,,0,75,,19815,37,,,0,35,,19808,37,,,0
5100,'d3716f81-b7c0-479c-ad60-6712cf7781f4',918,,19830,37,,,0,12,,19853,37,,,0,24,,19837,37,,,0,60,,19832,37,,,0,18,,19828,37,,,0,18,,19841,37,,,0,58,,19844,37,,,0,18,,19848,37,,,0,17,,19839,37,,,0,58,,19850,37,,,0,18,,19829,37,,,0,18,,19843,37,,,0,18,,19827,37,,,0,58,,19846,37,,,0,21,,19824,37,,,0,18,,19833,37,,,0,58,,19838,37,,,0,18,,19826,37,,,0,18,,19835,37,,,0,58,,19847,37,,,0,20,,19851,37,,,0,20,,19845,37,,,0,59,,19849,37,,,0,18,,19854,37,,,0,18,,19840,37,,,0,18,,19825,37,,,0,58,,19834,37,,,0,16,,19852,37,,,0,20,,19836,37,,,0,58,,19823,37,,,0,16,,19831,37,,,0
5100,'f394ee2a-c90c-4cfe-bbfc-c5340e68ee20',547,,19894,37,,,0,53,,19876,37,,,0,13,,19883,37,,,0,12,,19869,37,,,0,14,,19889,37,,,0,15,,19868,37,,,0,55,,19926,37,,,0,15,,19928,37,,,0,15,,19918,37,,,0,18,,19862,37,,,0,55,,19919,37,,,0,13,,19877,37,,,0,14,,19878,37,,,0,16,,19886,37,,,0,57,,19892,37,,,0,17,,19863,37,,,0,17,,19920,37,,,0,56,,19915,37,,,0,13,,19927,37,,,0,15,,19861,37,,,0,15,,19906,37,,,0,56,,19902,37,,,0,18,,19855,37,,,0,18,,19860,37,,,0,14,,19864,37,,,0,53,,19874,37,,,0,16,,19905,37,,,0,15,,19896,37,,,0,16,,19870,37,,,0,56,,19910,37,,,0,13,,19922,37,,,0,14,,19875,37,,,0,17,,19930,37,,,0,54,,19901,37,,,0,14,,19913,37,,,0,14,,19911,37,,,0,14,,19865,37,4,,0,55,,19917,37,,,0,15,,19904,37,,,0,16,,19895,37,,,0,15,,19858,37,,,0,55,,19884,37,,,0,14,,19908,37,,,0,14,,19857,37,,,0,14,,19888,37,,,0,55,,19871,37,,,0,14,,19891,37,,,0,16,,19893,37,,,0,15,,19890,37,,,0,55,,19880,37,,,0,14,,19897,37,,,0,14,,19909,37,,,0,12,,19898,37,,,0,15,,19923,37,,,0,52,,19925,37,,,0,15,,19929,37,,,0,14,,19887,37,,,0,14,,19907,37,,,0,54,,19916,37,,,0,14,,19859,37,,,0,14,,19873,37,,,0,15,,19903,37,,,0,56,,19899,37,,,0,17,,19856,37,,,0,15,,19866,37,,,0,14,,19912,37,,,0,54,,19881,37,,,0,14,,19900,37,,,0,10,,19885,37,,,0,16,,19914,37,,,0,57,,19872,37,,,0,24,,19924,37,,,0
6000,'595d987c-b6af-4553-91b7-dc23a0d7ec1c',625,,20142,0,,,0,75,,20142,165,4,,0,35,,20138,0,,,0,80,,20138,165,4,,0,40,,20140,165,4,,0,80,,20149,0,,,0,80,,20146,0,,,0,40,,20146,165,4,,0,80,,20125,165,4,,0,80,,20133,0,,,0,40,,20133,165,4,,0,80,,20135,0,,,0,80,,20137,0,,,0,40,,20131,165,4,,0,80,,20150,165,4,,0,80,,20132,0,,,0,40,,20141,0,,,0,80,,20141,165,4,,0,80,,20129,0,,,0,40,,20129,165,4,,0,75,,20145,0,,,0,75,,20145,165,4,,0,35,,20143,165,4,,0,75,,20130,0,,,0,35,,20147,0,,,0
6000,'d01a14a4-d6a9-4013-8e71-e69303fb0b13',1000,,20165,0,,,0,35,,20165,165,4,,0,75,,20158,0,,,0,35,,20158,165,4,,0,75,,20159,165,4,,0,35,,20157,0,,,0,75,,20157,165,4,,0,75,,20156,165,4,,0,35,,20164,0,,,0,75,,20155,0,,,0,35,,20161,0,,,0,75,,20161,165,4,,0,75,,20151,0,,,0,35,,20151,165,4,,0,75,,20153,0,,,0,35,,20152,0,,,0
6000,'d3716f81-b7c0-479c-ad60-6712cf7781f4',920,,20167,0,,,0,35,,20167,165,4,,0,75,,20172,0,,,0,75,,20172,165,4,,0,35,,20168,165,4,,0,75,,20171,0,,,0,35,,20179,0,,,0,75,,20179,165,4,,0,75,,20177,0,,,0,35,,20177,165,4,,0,75,,20175,165,4,,0,35,,20176,165,4,,0,75,,20178,0,,,0,35,,20169,0,,,0,75,,20181,0,,,0
6000,'f394ee2a-c90c-4cfe-bbfc-c5340e68ee20',625,,20185,0,,,0,75,,20203,0,,,0,35,,20203,165,4,,0,80,,20199,0,,,0,40,,20199,165,4,,0,80,,20205,165,4,,0,80,,20206,165,4,,0,40,,20191,165,4,,0,80,,20190,165,4,,0,80,,20186,0,,,0,40,,20186,165,4,,0,80,,20196,165,4,,0,80,,20187,0,,,0,40,,20207,165,4,,0,80,,20184,0,,,0,80,,20184,165,4,,0,40,,20192,0,,,0,80,,20183,0,,,0,80,,20183,165,4,,0,40,,20195,0,,,0,75,,20195,165,4,,0,75,,20182,0,,,0,35,,20182,165,4,,0,75,,20189,0,,,0,35,,20194,0,,,0
6400,'595d987c-b6af-4553-91b7-dc23a0d7ec1c',620,,20471,0,,,0,35,,20471,112,4,,0,75,,20461,0,,,0,80,,20467,0,,,0,40,,20460,0,,,0,80,,20460,112,4,,0,75,,20458,112,4,,0,35,,20448,112,4,,0,75,,20462,0,,,0,35,,20462,112,4,,0,75,,20474,0,,,0,75,,20474,112,4,,0,35,,20450,112,4,,0,75,,20453,0,,,0,35,,20459,0,,,0,75,,20472,0,,,0,35,,20472,112,4,,0,80,,20456,0,,,0,80,,20456,112,4,,0,40,,20470,0,,,0,80,,20470,112,4,,0,75,,20468,0,,,0,35,,20468,112,4,,0,75,,20455,112,4,,0,35,,20465,0,,,0,75,,20465,112,4,,0,75,,20454,0,,,0,30,,20454,112,4,,0
6400,'d01a14a4-d6a9-4013-8e71-e69303fb0b13',1000,,20483,0,,,0,35,,20475,0,,,0,75,,20475,112,4,,0,35,,20478,0,,,0,75,,20478,112,4,,0,35,,20476,0,,,0,75,,20485,0,,,0,75,,20481,0,,,0,35,,20481,112,4,,0,75,,20490,112,4,,0,35,,20477,0,,,0,75,,20477,112,4,,0,75,,20482,112,4,,0,35,,20480,0,,,0,75,,20480,112,4,,0,35,,20489,0,,,0,75,,20489,112,4,,0
6400,'d3716f81-b7c0-479c-ad60-6712cf7781f4',930,,20496,0,,,0,75,,20493,0,,,0,35,,20491,0,,,0,75,,20491,112,4,,0,35,,20502,0,,,0,75,,20502,112,4,,0,75,,20500,0,,,0,35,,20500,112,4,,0,75,,20497,0,,,0,35,,20497,112,4,,0,75,,20494,112,4,,0,35,,20503,0,,,0,75,,20495,0,,,0,75,,20495,112,4,,0,35,,20492,0,,,0,75,,20499,0,,,0
6400,'f394ee2a-c90c-4cfe-bbfc-c5340e68ee20',620,,20540,0,,,0,35,,20521,0,,,0,58,,20542,0,,,0,17,,20521,112,4,,0,1,,20508,0,,,0,17,,20542,112,4,,0,1,,20509,0,,,0,57,,20508,112,4,,0,1,,20520,0,,,0,17,,20509,112,4,,0,1,,20535,0,,,0,17,,20520,112,4,,0,1,,20517,0,,,0,57,,20535,112,4,,0,1,,20510,0,,,0,17,,20517,112,4,,0,1,,20512,0,,,0,17,,20510,112,4,,0,1,,20526,0,,,0,17,,20512,112,4,,0,1,,20544,0,,,0,57,,20526,112,4,,0,18,,20523,0,,,0,75,,20511,0,,,0,35,,20511,112,4,,0,75,,20513,0,,,0,35,,20513,112,4,,0,75,,20536,0,,,0,75,,20534,0,,,0,35,,20534,112,4,,0,18,,20507,0,,,0,57,,20518,112,4,,0,1,,20515,0,,,0,17,,20507,112,4,,0,1,,20528,0,,,0,17,,20515,112,4,,0,1,,20541,0,,,0,57,,20528,112,4,,0,1,,20543,0,,,0,17,,20541,112,4,,0,1,,20527,0,,,0,17,,20543,112,4,,0,1,,20532,0,,,0,17,,20527,112,4,,0,1,,20525,0,,,0,57,,20532,112,4,,0,1,,20533,0,,,0,17,,20525,112,4,,0,1,,20519,0,,,0,17,,20533,112,4,,0,58,,20530,0,,,0,35,,20516,0,,,0,75,,20516,112,4,,0,35,,20531,0,,,0,75,,20531,112,4,,0,70,,20514,0,,,0,30,,20514,112,4,,0,70,,20524,0,,,0,30,,20524,112,4,,0
