5101,'595d987c-b6af-4553-91b7-dc23a0d7ec1c',612,,19988,125,,,0,15,,19931,125,,,0,15,,19985,125,,,0,15,,19978,125,,,0,55,,19967,125,,,0,14,,19981,125,,,0,14,,19974,125,,,0,61,,19937,125,,,0,15,,19942,125,,,0,15,,19963,125,,,0,15,,19952,125,,,0,55,,19949,125,,,0,18,,19950,125,,,0,18,,19971,125,,,0,18,,19933,125,,,0,56,,19990,125,,,0,15,,19959,125,,,0,15,,19953,125,,,0,63,,19941,125,,,0,18,,19964,125,,,0,20,,19943,125,,,0,16,,19986,125,,,0,56,,19976,125,,,0,12,,19962,125,,,0,12,,19940,125,,,0,12,,19982,125,,,0,63,,19989,125,,,0,19,,19934,125,,,0,19,,19973,125,,,0,56,,19980,125,,,0,16,,19961,125,,,0,16,,19968,125,,,0,18,,19998,125,,,0,56,,19993,125,,,0,16,,19983,125,,,0,18,,19951,125,,,0,56,,19957,125,,,0,17,,19936,125,,,0,16,,19992,125,,,0,19,,19984,125,,,0,56,,19995,125,,,0,16,,19994,125,,,0,20,,19946,125,,,0,55,,19987,125,,,0,16,,19975,125,,,0,16,,19965,125,,,0,13,,19970,125,,,0,57,,19960,125,,,0,17,,19939,125,,,0,18,,19948,125,,,0,18,,19944,125,,,0,56,,19955,125,,,0,13,,19945,125,,,0,17,,19935,125,,,0,57,,19997,125,,,0,18,,19932,125,,,0,18,,19954,125,,,0,16,,19991,125,,,0,55,,19966,125,,,0,16,,19996,125,,,0,17,,19947,125,,,0,15,,19977,125,,,0,56,,19979,125,,,0
5101,'d01a14a4-d6a9-4013-8e71-e69303fb0b13',1021,,20010,125,,,0,38,,20003,125,,,0,75,,20005,125,,,0,75,,20000,125,,,0,35,,20009,125,,,0,75,,20007,125,,,0,35,,20008,125,,,0,75,,20002,125,,,0,75,,20013,125,,,0,35,,20011,125,,,0,75,,20001,125,,,0,35,,20006,125,,,0,75,,20014,125,,,0,35,,20004,125,,,0,75,,20012,125,,,0,73,,19999,125,,,0
5101,'d3716f81-b7c0-479c-ad60-6712cf7781f4',920,,20020,125,,,0,20,,20031,125,,,0,18,,20042,125,,,0,60,,20038,125,,,0,10,,20034,125,,,0,74,,20035,125,,,0,20,,20015,125,,,0,18,,20036,125,,,0,18,,20037,125,,,0,58,,20021,125,,,0,18,,20033,125,,,0,20,,20041,125,,,0,58,,20016,125,,,0,18,,20023,125,,,0,18,,20017,125,,,0,58,,20044,125,,,0,18,,20039,125,,,0,23,,20040,125,,,0,58,,20022,125,,,0,18,,20027,125,,,0,18,,20028,125,,,0,18,,20024,125,,,0,58,,20029,125,,,0,20,,20018,125,,,0,20,,20045,125,,,0,59,,20019,125,,,0,17,,20046,125,,,0,18,,20043,125,,,0,58,,20030,125,,,0,5,,20032,125,,,0
5101,'f394ee2a-c90c-4cfe-bbfc-c5340e68ee20',605,,20052,125,,,0,19,,20063,125,,,0,13,,20109,125,,,0,13,,20051,125,,,0,56,,20116,125,,,0,14,,20078,125,,,0,24,,20068,125,,,0,13,,20124,125,,,0,58,,20102,125,,,0,17,,20122,125,,,0,15,,20047,125,,,0,58,,20087,125,,,0,15,,20094,125,,,0,14,,20075,125,,,0,14,,20059,125,,,0,56,,20112,125,,,0,17,,20061,125,,,0,17,,20100,125,,,0,17,,20067,125,,,0,56,,20093,125,,,0,15,,20086,125,,,0,15,,20060,125,,,0,15,,20065,125,,,0,56,,20083,125,,,0,16,,20080,125,,,0,13,,20056,125,,,0,14,,20092,125,,,0,54,,20070,125,,,0,13,,20103,125,,,0,14,,20081,125,,,0,14,,20111,125,,,0,55,,20119,125,,,0,16,,20108,125,,,0,15,,20082,125,,,0,11,,20057,125,,,0,60,,20110,125,,,0,14,,20066,125,,,0,14,,20118,125,,,0,14,,20117,125,,,0,54,,20115,125,,,0,16,,20084,125,,,0,14,,20098,125,,,0,16,,20054,125,,,0,55,,20049,125,,,0,15,,20073,125,,,0,14,,20072,125,,,0,14,,20114,125,,,0,54,,20099,125,,,0,15,,20105,125,,,0,11,,20058,125,,,0,19,,20048,125,,,0,12,,20123,125,,,0,55,,20088,125,,,0,13,,20069,125,,,0,14,,20085,125,,,0,11,,20097,125,,,0,62,,20074,125,,,0,16,,20050,125,,,0,19,,20089,125,,,0,54,,20104,125,,,0,14,,20107,125,,,0,14,,20091,125,,,0,14,,20101,125,,,0,10,,20055,125,,,0,56,,20064,125,,,0,17,,20090,125,,,0,15,,20076,125,,,0,14,,20062,125,,,0,54,,20113,125,,,0
8100,'595d987c-b6af-4553-91b7-dc23a0d7ec1c',642,,20710,61,,,0,72,,20710,238,,,0,28,,20700,61,,,0,72,,20700,238,,,0,28,,20699,61,,,0,72,,20699,238,,,0,128,,20705,61,,,0,72,,20705,238,,,0,28,,20701,61,,,0,72,,20701,238,,,0,28,,20707,61,,,0,72,,20707,238,,,0,128,,20712,61,,,0,72,,20712,238,,,0,28,,20708,61,,,0,72,,20708,238,,,0,28,,20706,61,,,0,72,,20706,238,,,0,28,,20704,61,,,0,72,,20704,238,,,0,28,,20702,61,,,0,72,,20702,238,,,0,28,,20703,61,,,0,72,,20703,238,,,0,28,,20711,61,,,0,72,,20711,238,,,0,99,,20709,200,,,0
8100,'d01a14a4-d6a9-4013-8e71-e69303fb0b13',1058,,20719,200,,,0,100,,20713,200,,,0,100,,20718,200,,,0,100,,20715,200,,,0,100,,20717,200,,,0,100,,20716,200,,,0,100,,20720,200,,,0,100,,20714,200,,,0,100,,20721,200,,,0
8100,'d3716f81-b7c0-479c-ad60-6712cf7781f4',1042,,20723,61,,,0,72,,20723,238,,,0,28,,20726,61,,,0,72,,20726,238,,,0,128,,20722,61,,,0,72,,20722,238,,,0,28,,20724,61,,,0,72,,20724,238,,,0,28,,20725,61,,,0,72,,20725,238,,,0,28,,20727,61,,,0,72,,20727,238,,,0,28,,20728,60,,,0,67,,20728,218,,,0
8100,'f394ee2a-c90c-4cfe-bbfc-c5340e68ee20',2213,,20729,200,,,0
8200,'595d987c-b6af-4553-91b7-dc23a0d7ec1c',942,,20731,68,,,0,72,,20731,300,,,0,328,,20730,68,,,0,72,,20730,300,,,0
8200,'d3716f81-b7c0-479c-ad60-6712cf7781f4',1242,,20732,68,,,0,72,,20732,300,,,0
8500,'f394ee2a-c90c-4cfe-bbfc-c5340e68ee20',707,,20745,146,,,0,100,,20740,253,,,0,100,,20748,253,,,0,100,,20747,253,,,0,100,,20735,253,,,0,100,,20736,253,,,0,100,,20733,253,,,0,100,,20746,253,,,0,100,,20744,253,,,0,100,,20739,253,,,0,100,,20742,253,,,0,100,,20734,253,,,0,100,,20738,253,,,0,100,,20741,253,,,0,100,,20743,253,,,0,100,,20737,253,,,0
8600,'f394ee2a-c90c-4cfe-bbfc-c5340e68ee20',556,,20773,51,,,0,75,,20767,51,,,0,75,,20769,51,,,0,35,,20765,51,,,0,80,,20757,51,,,0,80,,20750,51,,,0,40,,20764,51,,,0,75,,20749,51,,,0,35,,20770,51,,,0,75,,20762,51,,,0,75,,20756,51,,,0,35,,20755,51,,,0,75,,20768,51,,,0,35,,20774,51,,,0,75,,20753,51,,,0,35,,20761,51,,,0,75,,20763,51,,,0,75,,20772,51,,,0,35,,20752,51,,,0,80,,20754,51,,,0,80,,20766,51,,,0,40,,20760,51,,,0,75,,20758,51,,,0,35,,20751,51,,,0,75,,20759,51,,,0,75,,20771,51,,,0
9800,'595d987c-b6af-4553-91b7-dc23a0d7ec1c',707,,20938,82,,,0,44,,20923,82,,,0,84,,20934,82,,,0,84,,20922,82,,,0,84,,20929,82,,,0,44,,20936,82,,,0,84,,20933,82,,,0,84,,20926,82,,,0,44,,20932,82,,,0,84,,20941,82,,,0,84,,20937,82,,,0,84,,20930,82,,,0,44,,20931,82,,,0,84,,20925,82,,,0,84,,20935,82,,,0,84,,20924,82,,,0,44,,20940,82,,,0,84,,20921,82,,,0,84,,20939,82,,,0,84,,20927,82,,,0,44,,20928,82,,,0
9800,'d3716f81-b7c0-479c-ad60-6712cf7781f4',1007,,20944,82,,,0,44,,20945,82,,,0,84,,20950,82,,,0,84,,20947,82,,,0,84,,20948,82,,,0,44,,20951,82,,,0,84,,20952,82,,,0,84,,20953,82,,,0,44,,20946,82,,,0,84,,20942,82,,,0,84,,20943,82,,,0,84,,20949,82,,,0
9800,'f394ee2a-c90c-4cfe-bbfc-c5340e68ee20',708,,20972,82,,,0,44,,20959,82,,,0,84,,20961,82,,,0,84,,20962,82,,,0,84,,20971,82,,,0,44,,20970,82,,,0,84,,20973,82,,,0,84,,20963,82,,,0,84,,20968,82,,,0,44,,20954,82,,,0,84,,20957,82,,,0,84,,20958,82,,,0,88,,20969,82,,,0,48,,20964,82,,,0,88,,20967,82,,,0,88,,20966,82,,,0,84,,20965,82,,,0,44,,20974,82,,,0,84,,20960,82,,,0,84,,20956,82,,,0,84,,20955,82,,,0
