5000,'29bb4b7a-5d7b-4f78-bccd-adce0636a676',1011,,18092,65,,,0,35,,18099,65,,,0,75,,18083,65,,,0,35,,18090,65,,,0,75,,18084,65,,,0,75,,18091,65,,,0,35,,18087,65,,,0,75,,18097,65,,,0,35,,18096,65,,,0,75,,18085,65,,,0,75,,18098,65,,,0,35,,18089,65,,,0,75,,18086,65,,,0,35,,18093,65,,,0,75,,18088,53,,,0,35,,18094,53,,,0,49,,18095,51,4,,0
5000,'3d6b7334-041d-4cdf-b33e-9fc06607d92b',629,,18109,65,,,0,24,,18116,65,,,0,64,,18101,65,,,0,26,,18127,65,,,0,66,,18120,65,,,0,26,,18103,65,,,0,66,,18118,65,,,0,26,,18106,65,,,0,26,,18129,65,,,0,66,,18126,51,,,0,26,,18108,65,,,0,68,,18110,65,,,0,45,,18113,65,,,0,74,,18100,65,,,0,85,,18128,65,,,0,34,,18115,65,4,,0,68,,18104,65,,,0,25,,18131,65,,,0,69,,18130,65,,,0,28,,18134,65,,,0,67,,18117,65,,,0,26,,18133,65,,,0,74,,18125,65,,,0,33,,18119,65,,,0,67,,18107,65,,,0,33,,18102,65,,,0,64,,18112,65,,,0,24,,18135,65,,,0,26,,18105,53,,,0,67,,18132,65,,,0,23,,18123,65,,,0,90,,18121,65,,,0,23,,18122,53,,,0,90,,18114,53,,,0
5000,'55f98007-25ae-4999-903a-9517a72acc76',716,,18157,65,,,0,35,,18143,65,,,0,75,,18138,65,,,0,75,,18158,65,,,0,35,,18154,65,,,0,75,,18162,65,,,0,35,,18147,65,,,0,75,,18150,65,,,0,37,,18153,65,,,0,77,,18149,65,,,0,80,,18141,65,,,0,37,,18163,65,4,,0,80,,18137,65,,,0,77,,18160,65,,,0,40,,18155,65,,,0,77,,18148,65,,,0,80,,18136,65,,,0,37,,18156,65,,,0,76,,18151,65,,,0,37,,18152,65,,,0,75,,18140,65,,,0,75,,18161,65,,,0,35,,18144,65,,,0,75,,18142,53,,,0,35,,18139,53,,,0
5000,'aebab1a8-3c1a-47f7-a9ad-73a4dd0b203e',935,,18165,65,,,0,76,,18181,65,,,0,35,,18171,65,,,0,75,,18164,65,,,0,35,,18170,65,,,0,75,,18179,65,,,0,75,,18177,65,,,0,35,,18166,65,,,0,75,,18178,65,,,0,35,,18168,65,,,0,75,,18173,65,,,0,75,,18175,65,,,0,35,,18180,65,,,0,75,,18169,65,,,0,35,,18176,53,,,0,69,,18172,51,4,,0,7,,18174,51,4,,0
5104,'29bb4b7a-5d7b-4f78-bccd-adce0636a676',1009,,18385,87,0,9 1 10,0,36,,18391,87,0,9 1 10,0,75,,18381,87,0,9 1 10,0,35,,18377,87,0,9 1 10,0,75,,18390,87,0,9 1 10,0,75,,18386,87,0,9 1 10,0,35,,18379,87,0,9 1 10,0,75,,18382,87,0,9 1 10,0,35,,18376,87,0,9 1 10,0,75,,18387,87,0,9 1 10,0,75,,18384,87,0,9 1 10,0,35,,18378,87,0,9 1 10,0,75,,18380,87,0,9 1 10,0,35,,18389,87,0,9 1 10,0,75,,18383,87,0,9 1 10,0,35,,18388,87,0,9 1 10,0
5104,'3d6b7334-041d-4cdf-b33e-9fc06607d92b',553,,18407,87,0,9 1 10,0,60,,18398,87,0,9 1 10,0,13,,18445,87,0,9 1 10,0,13,,18448,87,0,9 1 10,0,15,,18400,87,0,9 1 10,0,54,,18415,87,0,9 1 10,0,23,,18416,87,0,9 1 10,0,12,,18426,87,0,9 1 10,0,16,,18456,87,0,9 1 10,0,57,,18449,87,0,9 1 10,0,16,,18460,87,0,9 1 10,0,18,,18428,87,0,9 1 10,0,55,,18414,87,0,9 1 10,0,14,,18468,87,0,9 1 10,0,14,,18408,87,0,9 1 10,0,16,,18447,87,0,9 1 10,0,57,,18431,87,0,9 1 10,0,17,,18427,87,0,9 1 10,0,17,,18464,87,0,9 1 10,0,16,,18466,87,0,9 1 10,0,55,,18418,87,0,9 1 10,0,15,,18429,87,0,9 1 10,0,15,,18452,87,0,9 1 10,0,16,,18446,87,0,9 1 10,0,56,,18459,87,0,9 1 10,0,13,,18402,87,0,9 1 10,0,14,,18463,87,0,9 1 10,0,14,,18434,87,0,9 1 10,0,51,,18392,87,0,9 1 10,0,14,,18457,87,0,9 1 10,0,16,,18462,87,4,,0,15,,18403,87,0,9 1 10,0,56,,18424,87,0,9 1 10,0,15,,18437,87,0,9 1 10,0,11,,18443,87,0,9 1 10,0,20,,18438,87,0,9 1 10,0,54,,18399,87,0,9 1 10,0,14,,18461,87,0,9 1 10,0,14,,18441,87,0,9 1 10,0,14,,18396,87,0,9 1 10,0,56,,18435,87,0,9 1 10,0,14,,18433,87,0,9 1 10,0,16,,18419,87,0,9 1 10,0,15,,18412,87,0,9 1 10,0,55,,18413,87,0,9 1 10,0,14,,18451,87,0,9 1 10,0,14,,18453,87,0,9 1 10,0,14,,18395,87,0,9 1 10,0,55,,18467,87,0,9 1 10,0,11,,18421,87,0,9 1 10,0,19,,18393,87,0,9 1 10,0,12,,18422,87,0,9 1 10,0,15,,18397,87,0,9 1 10,0,54,,18432,87,0,9 1 10,0,14,,18430,87,0,9 1 10,0,11,,18394,87,0,9 1 10,0,22,,18454,87,0,9 1 10,0,56,,18406,87,0,9 1 10,0,19,,18469,87,0,9 1 10,0,14,,18465,87,0,9 1 10,0,54,,18458,87,0,9 1 10,0,14,,18425,87,0,9 1 10,0,14,,18455,87,0,9 1 10,0,10,,18436,87,0,9 1 10,0,16,,18404,87,0,9 1 10,0,57,,18423,87,0,9 1 10,0,15,,18439,87,0,9 1 10,0,14,,18409,87,0,9 1 10,0,14,,18450,87,0,9 1 10,0,54,,18411,86,4,,0,9,,18442,86,4,,0,11,,18420,86,4,,0,16,,18410,86,4,,0
5104,'55f98007-25ae-4999-903a-9517a72acc76',600,,18491,87,0,9 1 10,0,15,,18534,87,0,9 1 10,0,15,,18526,87,0,9 1 10,0,15,,18516,87,0,9 1 10,0,55,,18498,87,0,9 1 10,0,14,,18519,87,0,9 1 10,0,14,,18506,87,0,9 1 10,0,20,,18529,87,0,9 1 10,0,55,,18527,87,0,9 1 10,0,15,,18515,87,0,9 1 10,0,15,,18489,87,0,9 1 10,0,15,,18474,87,0,9 1 10,0,57,,18523,87,0,9 1 10,0,18,,18479,87,0,9 1 10,0,18,,18530,87,0,9 1 10,0,16,,18520,87,0,9 1 10,0,55,,18500,87,0,9 1 10,0,15,,18488,87,0,9 1 10,0,23,,18472,87,0,9 1 10,0,58,,18533,87,0,9 1 10,0,19,,18531,87,0,9 1 10,0,16,,18477,87,0,9 1 10,0,16,,18518,87,0,9 1 10,0,52,,18512,87,0,9 1 10,0,12,,18517,87,0,9 1 10,0,12,,18471,87,0,9 1 10,0,23,,18486,87,0,9 1 10,0,59,,18514,87,0,9 1 10,0,19,,18536,87,0,9 1 10,0,16,,18475,87,0,9 1 10,0,56,,18495,87,0,9 1 10,0,16,,18485,87,0,9 1 10,0,18,,18537,87,0,9 1 10,0,16,,18528,87,0,9 1 10,0,56,,18524,87,0,9 1 10,0,18,,18478,87,0,9 1 10,0,16,,18481,87,0,9 1 10,0,57,,18496,87,0,9 1 10,0,16,,18494,87,0,9 1 10,0,19,,18507,87,0,9 1 10,0,16,,18476,87,0,9 1 10,0,56,,18484,87,0,9 1 10,0,20,,18505,87,0,9 1 10,0,15,,18503,87,0,9 1 10,0,56,,18473,87,0,9 1 10,0,16,,18497,87,0,9 1 10,0,14,,18508,87,0,9 1 10,0,17,,18499,87,0,9 1 10,0,57,,18504,87,0,9 1 10,0,18,,18483,87,0,9 1 10,0,18,,18480,87,0,9 1 10,0,16,,18487,87,0,9 1 10,0,53,,18510,87,0,9 1 10,0,17,,18535,87,0,9 1 10,0,17,,18501,87,0,9 1 10,0,58,,18532,87,0,9 1 10,0,18,,18470,87,0,9 1 10,0,16,,18511,87,0,9 1 10,0,15,,18522,87,0,9 1 10,0,56,,18513,87,0,9 1 10,0,17,,18492,87,0,9 1 10,0,17,,18521,87,0,9 1 10,0,16,,18525,87,0,9 1 10,0,56,,18490,86,4,,0,17,,18509,86,4,,0,11,,18502,86,4,,0
5104,'aebab1a8-3c1a-47f7-a9ad-73a4dd0b203e',908,,18548,87,0,9 1 10,0,19,,18566,87,0,9 1 10,0,18,,18559,87,0,9 1 10,0,60,,18555,87,0,9 1 10,0,11,,18552,87,0,9 1 10,0,31,,18557,87,0,9 1 10,0,60,,18564,87,0,9 1 10,0,18,,18541,87,0,9 1 10,0,18,,18551,87,0,9 1 10,0,58,,18561,87,0,9 1 10,0,18,,18554,87,0,9 1 10,0,20,,18539,87,0,9 1 10,0,18,,18538,87,0,9 1 10,0,58,,18542,87,0,9 1 10,0,18,,18569,87,0,9 1 10,0,18,,18546,87,0,9 1 10,0,58,,18568,87,0,9 1 10,0,22,,18567,87,0,9 1 10,0,18,,18553,87,0,9 1 10,0,58,,18550,87,0,9 1 10,0,18,,18545,87,0,9 1 10,0,18,,18556,87,0,9 1 10,0,58,,18565,87,0,9 1 10,0,20,,18558,87,0,9 1 10,0,20,,18543,87,0,9 1 10,0,59,,18560,87,0,9 1 10,0,18,,18562,87,0,9 1 10,0,18,,18540,87,0,9 1 10,0,18,,18549,87,0,9 1 10,0,48,,18544,87,0,9 1 10,0,21,,18547,86,4,,0,19,,18563,86,4,,0
6200,'29bb4b7a-5d7b-4f78-bccd-adce0636a676',1010,,18754,0,,,0,35,,18754,206,4,,0,75,,18756,0,,,0,35,,18747,0,,,0,75,,18747,206,4,,0,75,,18750,0,,,0,35,,18750,206,4,,0,75,,18760,206,4,,0,35,,18753,0,,,0,75,,18753,206,4,,0,75,,18749,0,,,0,35,,18758,0,,,0,75,,18758,206,4,,0,35,,18757,0,,,0,75,,18757,206,4,,0,35,,18752,206,4,,0
6200,'3d6b7334-041d-4cdf-b33e-9fc06607d92b',610,,18779,0,,,0,41,,18779,206,4,,0,81,,18765,206,4,,0,81,,18777,206,4,,0,41,,18767,206,4,,0,81,,18775,0,,,0,81,,18783,0,,,0,41,,18774,0,,,0,81,,18774,206,4,,0,81,,18764,206,4,,0,81,,18763,0,,,0,41,,18768,0,,,0,81,,18768,206,4,,0,81,,18782,0,,,0,46,,18785,0,,,0,86,,18781,0,,,0,86,,18781,206,4,,0,86,,18771,0,,,0,46,,18771,206,4,,0,81,,18762,0,,,0,81,,18780,0,,,0,41,,18780,206,4,,0,81,,18776,0,,,0,81,,18776,206,4,,0,41,,18778,0,,,0,81,,18778,207,4,,0
6200,'55f98007-25ae-4999-903a-9517a72acc76',610,,18791,0,,,0,41,,18791,206,4,,0,81,,18796,206,4,,0,81,,18804,0,,,0,41,,18804,206,4,,0,81,,18807,0,,,0,81,,18809,0,,,0,41,,18809,206,4,,0,81,,18797,0,,,0,81,,18797,206,4,,0,81,,18811,0,,,0,41,,18811,206,4,,0,81,,18790,0,,,0,81,,18795,0,,,0,46,,18803,0,,,0,86,,18803,206,4,,0,86,,18801,0,,,0,86,,18798,0,,,0,46,,18798,206,4,,0,81,,18792,206,4,,0,81,,18800,0,,,0,41,,18787,0,,,0,81,,18787,206,4,,0,81,,18805,206,4,,0,41,,18788,0,,,0,81,,18788,207,4,,0
6200,'aebab1a8-3c1a-47f7-a9ad-73a4dd0b203e',1015,,18820,0,,,0,41,,18820,206,4,,0,81,,18821,0,,,0,81,,18823,0,,,0,41,,18816,0,,,0,81,,18816,206,4,,0,81,,18818,0,,,0,81,,18822,0,,,0,41,,18822,206,4,,0,81,,18812,0,,,0,81,,18812,206,4,,0,41,,18819,0,,,0,81,,18819,207,4,,0
6500,'3d6b7334-041d-4cdf-b33e-9fc06607d92b',645,,19004,0,,,0,70,,19004,103,4,,0,5,,19013,0,,,0,36,,19013,103,4,,0,76,,19007,0,,,0,79,,19007,103,4,,0,4,,18999,0,,,0,30,,18992,0,,,0,70,,19017,0,,,0,30,,19017,103,4,,0,70,,19011,103,4,,0,30,,19010,103,4,,0,70,,19015,0,,,0,30,,19001,0,,,0,70,,19001,103,4,,0,30,,19009,0,,,0,70,,19009,103,4,,0,30,,19006,0,,,0,70,,19006,103,4,,0,30,,18991,103,4,,0,80,,18993,0,,,0,80,,19016,0,,,0,40,,19014,0,,,0,70,,19012,0,,,0,30,,19012,103,4,,0,70,,18997,0,,,0,30,,18997,103,4,,0,70,,19005,0,,,0,30,,19005,103,4,,0,70,,18994,103,4,,0,30,,18996,103,4,,0
6500,'55f98007-25ae-4999-903a-9517a72acc76',645,,19036,0,,,0,70,,19036,103,4,,0,5,,19024,0,,,0,36,,19038,0,,,0,76,,19035,0,,,0,79,,19035,103,4,,0,4,,19039,0,,,0,30,,19039,103,4,,0,70,,19022,103,4,,0,30,,19031,0,,,0,70,,19031,103,4,,0,30,,19018,0,,,0,70,,19018,103,4,,0,30,,19030,0,,,0,70,,19030,103,4,,0,30,,19042,0,,,0,70,,19042,103,4,,0,30,,19025,103,4,,0,70,,19026,0,,,0,30,,19026,103,4,,0,80,,19034,0,,,0,80,,19034,103,4,,0,40,,19033,103,4,,0,70,,19020,103,4,,0,30,,19043,103,4,,0,70,,19027,0,,,0,30,,19027,103,4,,0,70,,19032,0,,,0,30,,19032,103,4,,0,70,,19040,103,4,,0,30,,19045,103,4,,0
6500,'aebab1a8-3c1a-47f7-a9ad-73a4dd0b203e',1015,,19058,0,,,0,30,,19058,103,4,,0,70,,19046,0,,,0,30,,19046,103,4,,0,70,,19052,0,,,0,30,,19052,103,4,,0,70,,19056,0,,,0,30,,19056,103,4,,0,70,,19054,103,4,,0,30,,19053,0,,,0,70,,19053,103,4,,0,30,,19055,0,,,0,70,,19049,0,,,0,30,,19049,103,4,,0,70,,19059,0,,,0,30,,19059,103,4,,0,70,,19060,103,4,,0
