5101,'595d987c-b6af-4553-91b7-dc23a0d7ec1c',619,,19988,145,,,0,15,,19931,145,,,0,15,,19985,145,,,0,55,,19978,145,,,0,15,,19967,145,,,0,14,,19981,145,,,0,14,,19974,145,,,0,61,,19937,145,,,0,15,,19942,145,,,0,15,,19963,145,,,0,15,,19952,145,,,0,55,,19949,145,,,0,17,,19950,145,,,0,18,,19971,145,,,0,58,,19933,145,,,0,16,,19990,145,,,0,15,,19959,145,,,0,15,,19953,145,,,0,63,,19941,145,,,0,18,,19964,145,,,0,22,,19943,145,,,0,56,,19986,145,,,0,16,,19976,145,,,0,12,,19962,145,,,0,12,,19940,145,,,0,12,,19982,145,,,0,63,,19989,145,,,0,19,,19934,145,,,0,19,,19973,145,,,0,56,,19980,145,,,0,16,,19961,145,,,0,16,,19968,145,,,0,58,,19998,145,,,0,16,,19993,145,,,0,16,,19983,145,,,0,18,,19951,145,,,0,56,,19957,145,,,0,17,,19936,145,,,0,16,,19992,145,,,0,59,,19984,145,,,0,16,,19995,145,,,0,16,,19994,145,,,0,20,,19946,145,,,0,55,,19987,145,,,0,16,,19975,145,,,0,16,,19965,145,,,0,11,,19970,145,,,0,57,,19960,145,,,0,17,,19939,145,,,0,18,,19948,145,,,0,58,,19944,145,,,0,16,,19955,145,,,0,13,,19945,145,,,0,17,,19935,145,,,0,57,,19997,145,,,0,18,,19932,145,,,0,18,,19954,145,,,0,16,,19991,145,,,0,55,,19966,145,,,0,16,,19996,145,,,0,17,,19947,145,,,0,56,,19977,145,,,0,16,,19979,145,,,0
5101,'d01a14a4-d6a9-4013-8e71-e69303fb0b13',1028,,20010,145,,,0,77,,20003,145,,,0,35,,20005,145,,,0,75,,20000,145,,,0,35,,20009,145,,,0,75,,20007,145,,,0,75,,20008,145,,,0,35,,20002,145,,,0,75,,20013,145,,,0,35,,20011,145,,,0,75,,20001,145,,,0,35,,20006,145,,,0,75,,20014,145,,,0,75,,20004,145,,,0,35,,20012,145,,,0,74,,19999,145,,,0
5101,'d3716f81-b7c0-479c-ad60-6712cf7781f4',927,,20020,145,,,0,20,,20031,145,,,0,58,,20042,145,,,0,20,,20038,145,,,0,9,,20034,145,,,0,76,,20035,145,,,0,20,,20015,145,,,0,18,,20036,145,,,0,58,,20037,145,,,0,18,,20021,145,,,0,18,,20033,145,,,0,60,,20041,145,,,0,18,,20016,145,,,0,18,,20023,145,,,0,18,,20017,145,,,0,58,,20044,145,,,0,18,,20039,145,,,0,23,,20040,145,,,0,58,,20022,145,,,0,18,,20027,145,,,0,18,,20028,145,,,0,58,,20024,145,,,0,18,,20029,145,,,0,20,,20018,145,,,0,60,,20045,145,,,0,19,,20019,145,,,0,16,,20046,145,,,0,18,,20043,145,,,0,58,,20030,145,,,0,5,,20032,145,,,0
5101,'f394ee2a-c90c-4cfe-bbfc-c5340e68ee20',612,,20052,145,,,0,18,,20063,145,,,0,13,,20109,145,,,0,13,,20051,145,,,0,57,,20116,145,,,0,14,,20078,145,,,0,24,,20068,145,,,0,52,,20124,145,,,0,20,,20102,145,,,0,17,,20122,145,,,0,15,,20047,145,,,0,58,,20087,145,,,0,15,,20094,145,,,0,14,,20075,145,,,0,14,,20059,145,,,0,56,,20112,145,,,0,17,,20061,145,,,0,17,,20100,145,,,0,57,,20067,145,,,0,16,,20093,145,,,0,15,,20086,145,,,0,15,,20060,145,,,0,55,,20065,145,,,0,16,,20083,145,,,0,16,,20080,145,,,0,13,,20056,145,,,0,54,,20092,145,,,0,14,,20070,145,,,0,14,,20103,145,,,0,14,,20081,145,,,0,13,,20111,145,,,0,55,,20119,145,,,0,16,,20108,145,,,0,15,,20082,145,,,0,11,,20057,145,,,0,60,,20110,145,,,0,14,,20066,145,,,0,14,,20118,145,,,0,14,,20117,145,,,0,54,,20115,145,,,0,16,,20084,145,,,0,14,,20098,145,,,0,16,,20054,145,,,0,55,,20049,145,,,0,15,,20073,145,,,0,14,,20072,145,,,0,14,,20114,145,,,0,54,,20099,145,,,0,15,,20105,145,,,0,11,,20058,145,,,0,19,,20048,145,,,0,52,,20123,145,,,0,15,,20088,145,,,0,11,,20069,145,,,0,14,,20085,145,,,0,11,,20097,145,,,0,62,,20074,145,,,0,16,,20050,145,,,0,19,,20089,145,,,0,54,,20104,145,,,0,14,,20107,145,,,0,14,,20091,145,,,0,14,,20101,145,,,0,50,,20055,145,,,0,16,,20064,145,,,0,17,,20090,145,,,0,15,,20076,145,,,0,54,,20062,145,,,0,14,,20113,145,,,0
6600,'595d987c-b6af-4553-91b7-dc23a0d7ec1c',729,,20621,259,,,0,100,,20617,259,,,0,800,,20618,259,,,0,100,,20619,259,,,0,100,,20620,259,,,0
6600,'d3716f81-b7c0-479c-ad60-6712cf7781f4',1129,,20623,259,,,0,200,,20625,259,,,0,200,,20622,259,,,0,200,,20624,259,,,0
6600,'f394ee2a-c90c-4cfe-bbfc-c5340e68ee20',729,,20634,259,,,0,110,,20629,259,,,0,170,,20632,259,,,0,109,,20626,259,,,0,111,,20635,259,,,0,114,,20637,317,0,8,0,110,,20633,301,,,0,150,,20627,301,,,0,110,,20631,301,,,0,110,,20628,301,,,0,115,,20630,386,,,0,101,,20636,301,,,0
6700,'595d987c-b6af-4553-91b7-dc23a0d7ec1c',659,,20642,104,,,0,100,,20641,104,,,0,100,,20644,104,,,0,100,,20647,104,,,0,100,,20639,104,,,0,500,,20640,104,,,0,100,,20643,104,,,0,100,,20638,104,,,0,100,,20645,104,,,0,100,,20646,104,,,0
6700,'d3716f81-b7c0-479c-ad60-6712cf7781f4',959,,20648,104,,,0,200,,20651,104,,,0,200,,20650,104,,,0,200,,20652,104,,,0,200,,20649,104,,,0
6700,'f394ee2a-c90c-4cfe-bbfc-c5340e68ee20',659,,20669,104,,,0,70,,20658,104,,,0,76,,20662,104,,,0,35,,20668,104,,,0,71,,20653,104,,,0,30,,20657,104,,,0,100,,20667,104,,,0,378,,20663,104,,,0,30,,20654,104,,,0,154,,20659,104,,,0,35,,20660,104,,,0,75,,20656,104,,,0,35,,20665,104,,,0,71,,20664,104,,,0,100,,20666,104,,,0,100,,20661,104,,,0
6800,'595d987c-b6af-4553-91b7-dc23a0d7ec1c',729,,20678,166,,,0,100,,20672,166,,,0,100,,20673,166,,,0,100,,20675,166,,,0,600,,20677,166,,,0,100,,20671,166,,,0,100,,20670,166,,,0,100,,20674,164,,,0,100,,20676,166,,,0
6800,'d3716f81-b7c0-479c-ad60-6712cf7781f4',1029,,20680,166,,,0,200,,20679,166,,,0,200,,20683,166,,,0,200,,20681,166,,,0,200,,20682,166,,,0
6800,'f394ee2a-c90c-4cfe-bbfc-c5340e68ee20',659,,20687,164,,,0,70,,20696,164,,,0,30,,20689,164,,,0,70,,20691,164,,,0,30,,20685,166,,,0,152,,20698,166,,,0,100,,20686,166,,,0,448,,20694,164,,,0,70,,20684,164,,,0,30,,20692,164,,,0,70,,20690,164,,,0,30,,20693,166,,,0,90,,20695,166,,,0,100,,20688,166,,,0,100,,20697,166,,,0
8100,'595d987c-b6af-4553-91b7-dc23a0d7ec1c',729,,20710,282,,,0,100,,20700,282,,,0,100,,20699,282,,,0,200,,20705,282,,,0,100,,20701,282,,,0,100,,20707,282,,,0,200,,20712,282,,,0,100,,20708,282,,,0,100,,20706,282,,,0,100,,20704,282,,,0,100,,20702,282,,,0,100,,20703,282,,,0,100,,20711,282,,,0,100,,20709,241,,,0
8100,'d01a14a4-d6a9-4013-8e71-e69303fb0b13',1114,,20719,241,,,0,100,,20713,241,,,0,100,,20718,241,,,0,100,,20715,241,,,0,100,,20717,241,,,0,100,,20716,241,,,0,100,,20720,241,,,0,100,,20714,241,,,0,100,,20721,241,,,0
8100,'d3716f81-b7c0-479c-ad60-6712cf7781f4',1129,,20723,282,,,0,100,,20726,282,,,0,200,,20722,282,,,0,100,,20724,282,,,0,100,,20725,282,,,0,100,,20727,282,,,0,100,,20728,331,,,0
8100,'f394ee2a-c90c-4cfe-bbfc-c5340e68ee20',2229,,20729,241,,,0
8200,'595d987c-b6af-4553-91b7-dc23a0d7ec1c',1029,,20731,369,,,0,400,,20730,369,,,0
8200,'d3716f81-b7c0-479c-ad60-6712cf7781f4',1329,,20732,369,,,0
8600,'f394ee2a-c90c-4cfe-bbfc-c5340e68ee20',617,,20773,125,,,0,35,,20767,125,,,0,75,,20769,125,,,0,80,,20765,125,,,0,40,,20757,125,,,0,80,,20750,125,,,0,75,,20764,125,,,0,35,,20749,125,,,0,75,,20770,125,,,0,35,,20762,125,,,0,75,,20756,125,,,0,35,,20755,125,,,0,75,,20768,125,,,0,75,,20774,125,,,0,35,,20753,125,,,0,75,,20761,125,,,0,35,,20763,125,,,0,75,,20772,125,,,0,80,,20752,125,,,0,40,,20754,125,,,0,75,,20766,125,,,0,80,,20760,125,,,0,35,,20758,125,,,0,75,,20751,125,,,0,35,,20759,125,,,0,75,,20771,123,,,0
