5104,'29bb4b7a-5d7b-4f78-bccd-adce0636a676',1030,,18391,7,0,9 1 10,0,75,,18381,7,0,9 1 10,0,35,,18377,7,0,9 1 10,0,75,,18390,7,0,9 1 10,0,35,,18386,7,0,9 1 10,0,75,,18379,7,0,9 1 10,0,75,,18382,7,0,9 1 10,0,35,,18376,7,0,9 1 10,0,75,,18387,7,0,9 1 10,0,35,,18384,7,0,9 1 10,0,75,,18378,7,0,9 1 10,0,35,,18380,7,0,9 1 10,0,75,,18389,7,0,9 1 10,0,75,,18383,7,0,9 1 10,0,35,,18388,7,0,9 1 10,0
5104,'3d6b7334-041d-4cdf-b33e-9fc06607d92b',602,,18398,7,0,9 1 10,0,13,,18445,7,0,9 1 10,0,13,,18448,7,0,9 1 10,0,14,,18400,7,0,9 1 10,0,14,,18415,7,0,9 1 10,0,61,,18416,7,0,9 1 10,0,12,,18426,7,0,9 1 10,0,16,,18456,7,0,9 1 10,0,56,,18449,7,0,9 1 10,0,16,,18460,7,0,9 1 10,0,18,,18428,7,0,9 1 10,0,15,,18414,7,0,9 1 10,0,53,,18468,7,0,9 1 10,0,14,,18408,7,0,9 1 10,0,17,,18447,7,0,9 1 10,0,17,,18431,7,0,9 1 10,0,57,,18427,7,0,9 1 10,0,17,,18464,7,0,9 1 10,0,16,,18466,7,0,9 1 10,0,14,,18418,7,0,9 1 10,0,55,,18429,7,0,9 1 10,0,15,,18452,7,0,9 1 10,0,16,,18446,7,0,9 1 10,0,16,,18459,7,0,9 1 10,0,53,,18402,7,0,9 1 10,0,13,,18463,7,0,9 1 10,0,12,,18434,7,0,9 1 10,0,11,,18392,7,0,9 1 10,0,56,,18457,7,0,9 1 10,0,16,,18462,7,0,9 1 10,0,16,,18403,7,0,9 1 10,0,16,,18424,7,0,9 1 10,0,52,,18437,7,0,9 1 10,0,11,,18443,7,0,9 1 10,0,20,,18438,7,0,9 1 10,0,14,,18399,7,0,9 1 10,0,54,,18461,7,0,9 1 10,0,14,,18441,7,0,9 1 10,0,14,,18396,7,0,9 1 10,0,15,,18435,7,0,9 1 10,0,15,,18433,7,0,9 1 10,0,56,,18419,7,0,9 1 10,0,15,,18412,7,0,9 1 10,0,15,,18413,7,0,9 1 10,0,14,,18451,7,0,9 1 10,0,54,,18453,7,0,9 1 10,0,14,,18395,7,0,9 1 10,0,15,,18467,7,0,9 1 10,0,14,,18421,7,0,9 1 10,0,56,,18393,7,0,9 1 10,0,15,,18422,7,0,9 1 10,0,15,,18397,7,0,9 1 10,0,14,,18432,7,0,9 1 10,0,54,,18430,7,0,9 1 10,0,12,,18394,7,0,9 1 10,0,23,,18454,7,0,9 1 10,0,55,,18406,7,0,9 1 10,0,18,,18469,7,0,9 1 10,0,14,,18465,7,0,9 1 10,0,14,,18458,7,0,9 1 10,0,54,,18425,7,0,9 1 10,0,14,,18455,7,0,9 1 10,0,11,,18436,7,0,9 1 10,0,16,,18404,7,0,9 1 10,0,17,,18423,7,0,9 1 10,0,55,,18439,7,0,9 1 10,0,14,,18409,7,0,9 1 10,0,14,,18450,7,0,9 1 10,0,14,,18411,7,0,9 1 10,0,50,,18442,7,0,9 1 10,0,14,,18420,7,0,9 1 10,0,15,,18410,7,0,9 1 10,0
5104,'55f98007-25ae-4999-903a-9517a72acc76',604,,18534,7,0,9 1 10,0,15,,18526,7,0,9 1 10,0,15,,18516,7,0,9 1 10,0,15,,18498,7,0,9 1 10,0,53,,18519,7,0,9 1 10,0,14,,18506,7,0,9 1 10,0,18,,18529,7,0,9 1 10,0,15,,18527,7,0,9 1 10,0,55,,18515,7,0,9 1 10,0,15,,18489,7,0,9 1 10,0,15,,18474,7,0,9 1 10,0,17,,18523,7,0,9 1 10,0,58,,18479,7,0,9 1 10,0,18,,18530,7,0,9 1 10,0,16,,18520,7,0,9 1 10,0,15,,18500,7,0,9 1 10,0,55,,18488,7,0,9 1 10,0,22,,18472,7,0,9 1 10,0,18,,18533,7,0,9 1 10,0,58,,18531,7,0,9 1 10,0,16,,18477,7,0,9 1 10,0,16,,18518,7,0,9 1 10,0,12,,18512,7,0,9 1 10,0,52,,18517,7,0,9 1 10,0,12,,18471,7,0,9 1 10,0,23,,18486,7,0,9 1 10,0,59,,18514,7,0,9 1 10,0,19,,18536,7,0,9 1 10,0,16,,18475,7,0,9 1 10,0,16,,18495,7,0,9 1 10,0,56,,18485,7,0,9 1 10,0,18,,18537,7,0,9 1 10,0,16,,18528,7,0,9 1 10,0,16,,18524,7,0,9 1 10,0,58,,18478,7,0,9 1 10,0,16,,18481,7,0,9 1 10,0,17,,18496,7,0,9 1 10,0,56,,18494,7,0,9 1 10,0,18,,18507,7,0,9 1 10,0,16,,18476,7,0,9 1 10,0,16,,18484,7,0,9 1 10,0,60,,18505,7,0,9 1 10,0,15,,18503,7,0,9 1 10,0,16,,18473,7,0,9 1 10,0,56,,18497,7,0,9 1 10,0,15,,18508,7,0,9 1 10,0,17,,18499,7,0,9 1 10,0,17,,18504,7,0,9 1 10,0,58,,18483,7,0,9 1 10,0,18,,18480,7,0,9 1 10,0,16,,18487,7,0,9 1 10,0,14,,18510,7,0,9 1 10,0,57,,18535,7,0,9 1 10,0,17,,18501,7,0,9 1 10,0,18,,18532,7,0,9 1 10,0,58,,18470,7,0,9 1 10,0,16,,18511,7,0,9 1 10,0,15,,18522,7,0,9 1 10,0,16,,18513,7,0,9 1 10,0,57,,18492,7,0,9 1 10,0,17,,18521,7,0,9 1 10,0,18,,18525,7,0,9 1 10,0,56,,18490,7,0,9 1 10,0,17,,18509,7,0,9 1 10,0,12,,18502,7,0,9 1 10,0
5104,'aebab1a8-3c1a-47f7-a9ad-73a4dd0b203e',914,,18566,7,0,9 1 10,0,18,,18559,7,0,9 1 10,0,20,,18555,7,0,9 1 10,0,52,,18552,7,0,9 1 10,0,28,,18557,7,0,9 1 10,0,20,,18564,7,0,9 1 10,0,58,,18541,7,0,9 1 10,0,18,,18551,7,0,9 1 10,0,18,,18561,7,0,9 1 10,0,58,,18554,7,0,9 1 10,0,20,,18539,7,0,9 1 10,0,18,,18538,7,0,9 1 10,0,58,,18542,7,0,9 1 10,0,18,,18569,7,0,9 1 10,0,18,,18546,7,0,9 1 10,0,18,,18568,7,0,9 1 10,0,62,,18567,7,0,9 1 10,0,18,,18553,7,0,9 1 10,0,18,,18550,7,0,9 1 10,0,58,,18545,7,0,9 1 10,0,18,,18556,7,0,9 1 10,0,18,,18565,7,0,9 1 10,0,60,,18558,7,0,9 1 10,0,20,,18543,7,0,9 1 10,0,19,,18560,7,0,9 1 10,0,58,,18562,7,0,9 1 10,0,18,,18540,7,0,9 1 10,0,18,,18549,7,0,9 1 10,0,18,,18544,7,0,9 1 10,0,53,,18547,7,0,9 1 10,0,20,,18563,7,0,9 1 10,0
6200,'29bb4b7a-5d7b-4f78-bccd-adce0636a676',1021,,18754,71,,,0,35,,18755,71,,,0,75,,18756,71,,,0,75,,18747,71,,,0,35,,18759,71,,,0,75,,18750,71,,,0,35,,18760,71,,,0,75,,18751,71,,,0,75,,18753,71,,,0,35,,18748,71,,,0,75,,18749,71,,,0,35,,18758,71,,,0,75,,18761,71,,,0,35,,18757,71,,,0,75,,18752,71,,,0
6200,'3d6b7334-041d-4cdf-b33e-9fc06607d92b',621,,18779,71,,,0,81,,18765,71,,,0,41,,18777,71,,,0,81,,18767,71,,,0,81,,18766,71,,,0,41,,18775,71,,,0,81,,18783,71,,,0,81,,18774,71,,,0,41,,18764,71,,,0,81,,18770,71,,,0,81,,18763,71,,,0,41,,18768,71,,,0,81,,18786,71,,,0,81,,18782,71,,,0,86,,18785,71,,,0,46,,18781,71,,,0,86,,18769,71,,,0,86,,18771,71,,,0,86,,18772,71,,,0,41,,18762,71,,,0,81,,18780,71,,,0,81,,18773,71,,,0,41,,18776,71,,,0,81,,18784,71,,,0,81,,18778,71,,,0
6200,'55f98007-25ae-4999-903a-9517a72acc76',621,,18791,71,,,0,81,,18796,71,,,0,41,,18793,71,,,0,81,,18804,71,,,0,81,,18808,71,,,0,41,,18807,71,,,0,81,,18809,71,,,0,81,,18810,71,,,0,41,,18797,71,,,0,81,,18799,71,,,0,81,,18811,71,,,0,41,,18802,71,,,0,81,,18790,71,,,0,81,,18795,71,,,0,86,,18803,71,,,0,46,,18806,71,,,0,86,,18801,71,,,0,86,,18798,71,,,0,86,,18792,71,,,0,41,,18789,71,,,0,81,,18800,71,,,0,81,,18787,71,,,0,41,,18805,71,,,0,81,,18794,71,,,0,81,,18788,71,,,0
6200,'aebab1a8-3c1a-47f7-a9ad-73a4dd0b203e',1026,,18820,71,,,0,81,,18815,71,,,0,41,,18821,71,,,0,81,,18823,71,,,0,81,,18816,71,,,0,41,,18817,71,,,0,81,,18818,71,,,0,81,,18822,71,,,0,41,,18813,71,,,0,81,,18812,71,,,0,81,,18814,71,,,0,41,,18819,71,,,0
9300,'3d6b7334-041d-4cdf-b33e-9fc06607d92b',701,,19230,119,,,0,55,,19228,119,,,0,99,,19235,119,,,0,97,,19220,119,,,0,96,,19225,119,,,0,96,,19236,119,,,0,96,,19221,119,,,0,96,,19232,119,,,0,96,,19231,119,,,0,96,,19233,119,,,0,98,,19226,119,,,0,98,,19222,119,,,0,96,,19224,119,,,0,90,,19223,119,,,0,90,,19229,119,,,0,50,,19234,119,,,0,89,,19227,120,,,0
9300,'55f98007-25ae-4999-903a-9517a72acc76',658,,19245,119,,,0,89,,19249,119,,,0,89,,19247,119,,,0,89,,19241,119,,,0,89,,19239,119,,,0,91,,19248,119,,,0,54,,19251,119,,,0,94,,19253,119,,,0,94,,19252,119,,,0,94,,19242,119,,,0,94,,19246,119,,,0,92,,19244,119,,,0,89,,19237,119,,,0,89,,19240,119,,,0,49,,19238,119,,,0,88,,19254,119,,,0,87,,19250,119,,,0,87,,19243,120,,,0
9300,'aebab1a8-3c1a-47f7-a9ad-73a4dd0b203e',958,,19260,119,,,0,89,,19265,119,,,0,89,,19264,119,,,0,89,,19261,119,,,0,89,,19256,119,,,0,89,,19263,119,,,0,49,,19262,119,,,0,89,,19258,119,,,0,89,,19259,119,,,0,89,,19255,119,,,0,89,,19257,120,,,0
