1600,'595d987c-b6af-4553-91b7-dc23a0d7ec1c',1133,,19589,18,,,0,75,,19595,18,,,0,35,,19593,18,,,0,75,,19594,18,,,0,35,,19584,18,,,0,75,,19586,18,,,0,75,,19590,18,,,0,35,,19585,18,,,0,75,,19587,18,,,0,35,,19591,18,,,0,75,,19588,18,,,0,35,,19596,18,,,0,75,,19592,26,,,0
1600,'d3716f81-b7c0-479c-ad60-6712cf7781f4',1023,,19599,18,,,0,35,,19602,18,,,0,75,,19609,18,,,0,75,,19608,18,,,0,35,,19603,18,,,0,75,,19598,18,,,0,35,,19605,18,,,0,75,,19607,18,,,0,75,,19600,18,,,0,35,,19601,18,,,0,75,,19597,18,,,0,35,,19606,18,,,0,75,,19604,26,,,0
1600,'f394ee2a-c90c-4cfe-bbfc-c5340e68ee20',648,,19612,18,,,0,70,,19617,18,,,0,35,,19625,18,,,0,75,,19626,18,,,0,30,,19633,18,,,0,70,,19631,18,,,0,30,,19618,18,,,0,70,,19623,18,,,0,30,,19624,18,,,0,70,,19620,18,,,0,30,,19616,18,,,0,80,,19619,18,,,0,75,,19628,18,,,0,35,,19636,18,,,0,75,,19613,18,,,0,35,,19634,18,,,0,75,,19629,18,,,0,75,,19611,18,,,0,40,,19627,18,,,0,80,,19630,18,,,0,80,,19610,18,,,0,30,,19614,18,,,0,70,,19632,18,,,0,30,,19615,18,,,0,70,,19635,18,,,0,30,,19622,18,,,0,70,,19621,26,,,0
5000,'595d987c-b6af-4553-91b7-dc23a0d7ec1c',707,,19637,24,,,0,35,,19664,24,,,0,75,,19661,24,,,0,35,,19654,24,,,0,75,,19643,24,,,0,75,,19662,24,,,0,35,,19652,24,,,0,75,,19653,24,,,0,35,,19648,24,,,0,77,,19659,24,,,0,80,,19642,24,,,0,37,,19650,24,,,0,80,,19658,24,,,0,37,,19660,24,,,0,80,,19639,24,,,0,77,,19651,24,,,0,40,,19663,24,,,0,77,,19638,24,,,0,78,,19640,24,,,0,37,,19645,24,,,0,75,,19657,24,,,0,35,,19656,24,,,0,75,,19646,24,,,0,75,,19641,20,,,0,35,,19655,20,,,0
5000,'d01a14a4-d6a9-4013-8e71-e69303fb0b13',1002,,19682,24,,,0,35,,19672,24,,,0,75,,19670,24,,,0,35,,19676,24,,,0,75,,19679,24,,,0,35,,19667,24,,,0,75,,19675,24,,,0,75,,19666,24,,,0,35,,19668,24,,,0,75,,19673,24,,,0,35,,19665,24,,,0,75,,19678,24,,,0,75,,19669,24,,,0,35,,19680,24,,,0,75,,19681,20,,,0,35,,19674,20,,,0,10,,19677,18,,,0
5000,'d3716f81-b7c0-479c-ad60-6712cf7781f4',1002,,19689,24,,,0,35,,19700,24,,,0,75,,19692,24,,,0,35,,19696,24,,,0,75,,19687,24,,,0,35,,19683,24,,,0,75,,19686,24,,,0,75,,19694,24,,,0,35,,19693,24,,,0,75,,19688,24,,,0,35,,19698,24,,,0,75,,19695,24,,,0,75,,19699,24,,,0,35,,19684,20,,,0,70,,19685,18,,,0,5,,19690,18,,,0
5000,'f394ee2a-c90c-4cfe-bbfc-c5340e68ee20',641,,19727,24,,,0,64,,19733,24,,,0,26,,19712,24,,,0,26,,19719,24,,,0,66,,19713,24,,,0,26,,19705,24,,,0,66,,19731,24,,,0,26,,19711,24,,,0,66,,19706,19,,,0,26,,19723,24,,,0,68,,19702,24,,,0,46,,19720,24,,,0,73,,19729,24,,,0,85,,19716,24,,,0,34,,19725,24,,,0,68,,19728,24,,,0,25,,19732,24,,,0,69,,19724,24,,,0,27,,19708,24,,,0,27,,19710,24,,,0,67,,19736,24,,,0,34,,19704,24,,,0,72,,19717,24,,,0,27,,19735,24,,,0,74,,19721,24,,,0,24,,19715,24,,,0,64,,19709,24,,,0,26,,19707,20,,,0,67,,19726,24,,,0,23,,19714,24,,,0,90,,19734,24,,,0,23,,19730,20,,,0,90,,19722,20,,,0
6100,'595d987c-b6af-4553-91b7-dc23a0d7ec1c',612,,20228,24,,,0,90,,20218,24,,,0,40,,20229,24,,,0,80,,20210,24,,,0,80,,20216,24,,,0,40,,20212,24,,,0,80,,20230,24,,,0,80,,20224,24,,,0,45,,20211,24,,,0,85,,20223,24,,,0,85,,20231,24,,,0,85,,20214,24,,,0,45,,20225,24,,,0,85,,20209,24,,,0,85,,20217,24,,,0,85,,20219,24,,,0,45,,20222,24,,,0,85,,20227,24,,,0,75,,20208,24,,,0,35,,20215,24,,,0,75,,20226,24,,,0,35,,20213,24,,,0,75,,20220,24,,,0,75,,20221,22,,,0
6100,'d01a14a4-d6a9-4013-8e71-e69303fb0b13',1007,,20232,24,,,0,35,,20233,24,,,0,75,,20240,24,,,0,35,,20242,24,,,0,75,,20238,24,,,0,75,,20234,24,,,0,35,,20246,24,,,0,75,,20243,24,,,0,35,,20235,24,,,0,75,,20237,24,,,0,35,,20239,24,,,0,75,,20245,24,,,0,80,,20244,24,,,0,35,,20236,24,,,0,75,,20241,24,,,0
6100,'d3716f81-b7c0-479c-ad60-6712cf7781f4',931,,20256,24,,,0,81,,20247,24,,,0,40,,20248,24,,,0,80,,20259,24,,,0,80,,20258,24,,,0,40,,20254,24,,,0,80,,20253,24,,,0,80,,20252,24,,,0,40,,20257,24,,,0,80,,20250,24,,,0,80,,20249,24,,,0,40,,20255,24,,,0,80,,20251,22,,,0
6100,'f394ee2a-c90c-4cfe-bbfc-c5340e68ee20',536,,20261,24,,,0,75,,20270,24,,,0,35,,20272,24,,,0,56,,20269,24,,,0,20,,20301,24,,,0,20,,20279,24,,,0,60,,20295,24,,,0,20,,20293,24,,,0,20,,20281,24,,,0,60,,20297,24,,,0,20,,20285,24,,,0,80,,20276,24,,,0,40,,20299,24,,,0,80,,20278,24,,,0,80,,20283,24,,,0,40,,20267,24,,,0,60,,20274,24,,,0,25,,20288,24,,,0,20,,20280,24,,,0,60,,20294,24,,,0,20,,20260,24,,,0,25,,20284,24,,,0,60,,20290,24,,,0,25,,20282,24,,,0,20,,20271,24,,,0,65,,20268,24,,,0,20,,20273,24,,,0,65,,20292,24,,,0,20,,20265,24,,,0,25,,20277,24,,,0,60,,20300,24,,,0,20,,20266,24,,,0,20,,20287,24,,,0,60,,20275,24,,,0,20,,20289,24,,,0,15,,20291,24,,,0,75,,20262,24,,,0,35,,20264,24,,,0,75,,20263,24,,,0,75,,20296,24,,,0,35,,20286,24,,,0,74,,20298,24,,,0
