1600,'595d987c-b6af-4553-91b7-dc23a0d7ec1c',1153,,19589,92,,,0,75,,19595,92,,,0,75,,19593,92,,,0,35,,19594,92,,,0,75,,19584,92,,,0,35,,19586,92,,,0,75,,19590,92,,,0,35,,19585,92,,,0,75,,19587,92,,,0,75,,19591,92,,,0,35,,19588,92,,,0,75,,19596,92,,,0,35,,19592,104,,,0
1600,'d3716f81-b7c0-479c-ad60-6712cf7781f4',1043,,19599,92,,,0,75,,19602,92,,,0,35,,19609,92,,,0,75,,19608,92,,,0,75,,19603,92,,,0,35,,19598,92,,,0,75,,19605,92,,,0,35,,19607,92,,,0,75,,19600,92,,,0,35,,19601,92,,,0,75,,19597,92,,,0,75,,19606,92,,,0,35,,19604,104,,,0
1600,'f394ee2a-c90c-4cfe-bbfc-c5340e68ee20',706,,19612,92,,,0,32,,19617,92,,,0,75,,19625,92,,,0,33,,19626,92,,,0,70,,19633,92,,,0,30,,19631,92,,,0,70,,19618,92,,,0,30,,19623,92,,,0,70,,19624,92,,,0,30,,19620,92,,,0,75,,19616,92,,,0,37,,19619,92,,,0,75,,19628,92,,,0,75,,19636,92,,,0,35,,19613,92,,,0,75,,19634,92,,,0,35,,19629,92,,,0,78,,19611,92,,,0,80,,19627,92,,,0,40,,19630,92,,,0,75,,19610,92,,,0,30,,19614,92,,,0,70,,19632,92,,,0,30,,19615,92,,,0,70,,19635,92,,,0,30,,19622,92,,,0,70,,19621,104,,,0
5000,'595d987c-b6af-4553-91b7-dc23a0d7ec1c',653,,19649,372,,,0,77,,19644,372,,,0,77,,19637,372,,,0,35,,19664,372,,,0,75,,19661,372,,,0,35,,19654,372,,,0,75,,19643,372,,,0,75,,19662,372,,,0,35,,19652,372,,,0,77,,19653,372,,,0,40,,19648,372,,,0,77,,19659,372,,,0,80,,19642,372,,,0,37,,19647,372,,,0,80,,19658,372,,,0,77,,19660,372,,,0,41,,19639,372,,,0,76,,19651,372,,,0,78,,19663,372,,,0,37,,19638,372,,,0,73,,19640,372,,,0,37,,19645,372,,,0,75,,19657,372,,,0,35,,19656,372,,,0,75,,19646,372,,,0
5000,'d01a14a4-d6a9-4013-8e71-e69303fb0b13',1027,,19671,326,,,0,75,,19682,372,,,0,35,,19672,372,,,0,75,,19670,372,,,0,35,,19676,372,,,0,75,,19679,372,,,0,35,,19667,372,,,0,75,,19675,372,,,0,75,,19666,372,,,0,35,,19668,372,,,0,75,,19673,372,,,0,35,,19665,372,,,0,75,,19678,372,,,0,75,,19669,372,,,0,35,,19680,372,,,0
5000,'d3716f81-b7c0-479c-ad60-6712cf7781f4',952,,19697,372,,,0,76,,19691,372,,,0,74,,19689,372,,,0,34,,19700,372,,,0,75,,19692,372,,,0,35,,19696,372,,,0,76,,19687,372,,,0,34,,19683,372,,,0,76,,19686,372,,,0,74,,19694,372,,,0,36,,19693,372,,,0,74,,19688,372,,,0,36,,19698,372,,,0,74,,19695,372,,,0,76,,19699,372,,,0
5000,'f394ee2a-c90c-4cfe-bbfc-c5340e68ee20',653,,19718,372,,,0,64,,19701,372,,,0,24,,19727,372,,,0,69,,19733,372,,,0,26,,19712,372,,,0,66,,19719,372,,,0,26,,19713,372,,,0,23,,19705,372,,,0,67,,19731,372,,,0,25,,19711,372,,,0,64,,19706,319,,,0,31,,19723,372,,,0,69,,19702,372,,,0,48,,19720,372,,,0,71,,19729,372,,,0,85,,19716,372,,,0,34,,19703,372,,,0,67,,19728,372,,,0,28,,19732,372,,,0,69,,19724,372,,,0,33,,19708,372,,,0,72,,19710,372,,,0,27,,19736,372,,,0,74,,19704,372,,,0,25,,19717,372,,,0,66,,19735,372,,,0,27,,19721,372,,,0,24,,19715,372,,,0,63,,19709,372,,,0,93,,19726,372,,,0,23,,19714,372,,,0,90,,19734,372,,,0
6400,'595d987c-b6af-4553-91b7-dc23a0d7ec1c',634,,20471,77,,,0,75,,20473,77,,,0,35,,20461,77,,,0,80,,20467,77,,,0,80,,20460,77,,,0,40,,20458,77,,,0,75,,20448,77,,,0,35,,20449,77,,,0,75,,20462,77,,,0,75,,20457,77,,,0,35,,20474,77,,,0,75,,20450,77,,,0,35,,20464,77,,,0,75,,20453,77,,,0,35,,20459,77,,,0,75,,20472,77,,,0,75,,20466,77,,,0,40,,20456,77,,,0,80,,20469,77,,,0,80,,20470,77,,,0,40,,20451,77,,,0,75,,20468,77,,,0,35,,20455,77,,,0,75,,20463,77,,,0,75,,20465,77,,,0,35,,20452,77,,,0,75,,20454,77,,,0
6400,'d01a14a4-d6a9-4013-8e71-e69303fb0b13',1014,,20483,77,,,0,35,,20475,77,,,0,75,,20488,77,,,0,35,,20478,77,,,0,75,,20487,77,,,0,75,,20476,77,,,0,35,,20485,77,,,0,75,,20481,77,,,0,35,,20490,77,,,0,75,,20479,77,,,0,75,,20477,77,,,0,35,,20482,77,,,0,75,,20484,77,,,0,35,,20480,77,,,0,75,,20486,77,,,0,35,,20489,77,,,0
6400,'d3716f81-b7c0-479c-ad60-6712cf7781f4',944,,20496,77,,,0,75,,20493,77,,,0,35,,20491,77,,,0,75,,20501,77,,,0,75,,20502,77,,,0,35,,20505,77,,,0,75,,20500,77,,,0,35,,20504,77,,,0,75,,20497,77,,,0,35,,20494,77,,,0,75,,20498,77,,,0,75,,20503,77,,,0,35,,20495,77,,,0,75,,20506,77,,,0,35,,20492,77,,,0,75,,20499,77,,,0
6400,'f394ee2a-c90c-4cfe-bbfc-c5340e68ee20',634,,20540,77,,,0,75,,20521,77,,,0,21,,20542,77,,,0,18,,20508,77,,,0,58,,20509,77,,,0,18,,20520,77,,,0,18,,20535,77,,,0,58,,20517,77,,,0,18,,20510,77,,,0,18,,20512,77,,,0,18,,20526,77,,,0,58,,20544,77,,,0,35,,20523,77,,,0,75,,20511,77,,,0,35,,20529,77,,,0,75,,20513,77,,,0,75,,20537,77,,,0,35,,20536,77,,,0,75,,20534,77,,,0,35,,20518,77,,,0,58,,20507,77,,,0,18,,20515,77,,,0,18,,20528,77,,,0,58,,20541,77,,,0,18,,20543,77,,,0,18,,20527,77,,,0,18,,20532,77,,,0,58,,20525,77,,,0,18,,20533,77,,,0,18,,20519,77,,,0,75,,20530,77,,,0,75,,20516,77,,,0,35,,20539,77,,,0,75,,20531,77,,,0,32,,20522,77,,,0,70,,20514,77,,,0,30,,20538,77,,,0,70,,20524,77,,,0
