1600,'3d6b7334-041d-4cdf-b33e-9fc06607d92b',645,,18052,3,,,0,70,,18041,3,,,0,35,,18039,3,,,0,75,,18048,3,,,0,30,,18055,3,,,0,70,,18045,3,,,0,30,,18035,3,,,0,70,,18054,3,,,0,30,,18036,3,,,0,70,,18029,3,,,0,30,,18047,3,,,0,80,,18044,3,,,0,75,,18033,3,,,0,35,,18046,3,,,0,75,,18037,3,,,0,35,,18030,3,,,0,75,,18031,3,,,0,75,,18042,3,,,0,40,,18049,3,,,0,80,,18034,3,,,0,80,,18053,3,,,0,30,,18038,3,,,0,70,,18040,3,,,0,30,,18050,3,,,0,70,,18032,3,,,0,30,,18051,3,,,0,70,,18043,3,,,0
1600,'55f98007-25ae-4999-903a-9517a72acc76',1130,,18059,3,,,0,75,,18064,3,,,0,35,,18061,3,,,0,75,,18062,3,,,0,35,,18066,3,,,0,75,,18060,3,,,0,75,,18067,3,,,0,35,,18065,3,,,0,75,,18057,3,,,0,35,,18068,3,,,0,75,,18063,3,,,0,35,,18058,3,,,0,75,,18056,3,,,0
1600,'aebab1a8-3c1a-47f7-a9ad-73a4dd0b203e',1020,,18077,3,,,0,35,,18075,3,,,0,75,,18079,3,,,0,75,,18074,3,,,0,35,,18073,3,,,0,75,,18069,3,,,0,35,,18080,3,,,0,75,,18076,3,,,0,75,,18070,3,,,0,35,,18071,3,,,0,75,,18081,3,,,0,35,,18078,3,,,0,75,,18072,3,,,0
5000,'29bb4b7a-5d7b-4f78-bccd-adce0636a676',1000,,18092,5,,,0,35,,18099,5,,,0,75,,18083,5,,,0,35,,18090,5,,,0,75,,18084,5,,,0,35,,18091,5,,,0,75,,18087,5,,,0,75,,18097,5,,,0,35,,18096,5,,,0,75,,18085,5,,,0,35,,18098,5,,,0,75,,18089,5,,,0,75,,18086,5,,,0,35,,18093,5,,,0,75,,18088,4,,,0,35,,18094,4,,,0,10,,18095,4,,,0
5000,'3d6b7334-041d-4cdf-b33e-9fc06607d92b',638,,18116,5,,,0,64,,18101,5,,,0,26,,18127,5,,,0,26,,18120,5,,,0,66,,18103,5,,,0,26,,18118,5,,,0,66,,18106,5,,,0,26,,18129,5,,,0,66,,18126,4,,,0,26,,18108,5,,,0,28,,18110,5,,,0,87,,18113,5,,,0,73,,18100,5,,,0,84,,18128,5,,,0,34,,18115,5,,,0,68,,18104,5,,,0,25,,18131,5,,,0,29,,18130,5,,,0,67,,18134,5,,,0,27,,18117,5,,,0,67,,18133,5,,,0,34,,18125,5,,,0,72,,18119,5,,,0,27,,18107,5,,,0,74,,18102,5,,,0,24,,18112,5,,,0,64,,18135,5,,,0,26,,18105,4,,,0,67,,18132,5,,,0,23,,18123,5,,,0,90,,18121,5,,,0,23,,18122,4,,,0,90,,18114,4,,,0
5000,'55f98007-25ae-4999-903a-9517a72acc76',705,,18157,5,,,0,35,,18143,5,,,0,75,,18138,5,,,0,35,,18158,5,,,0,75,,18154,5,,,0,75,,18162,5,,,0,35,,18147,5,,,0,75,,18150,5,,,0,35,,18153,5,,,0,77,,18149,5,,,0,80,,18141,5,,,0,37,,18163,5,,,0,80,,18137,5,,,0,37,,18160,5,,,0,80,,18155,5,,,0,77,,18148,5,,,0,40,,18136,5,,,0,77,,18156,5,,,0,78,,18151,5,,,0,37,,18152,5,,,0,75,,18140,5,,,0,35,,18161,5,,,0,75,,18144,5,,,0,75,,18142,4,,,0,35,,18139,4,,,0
5000,'aebab1a8-3c1a-47f7-a9ad-73a4dd0b203e',1000,,18181,5,,,0,35,,18171,5,,,0,75,,18164,5,,,0,35,,18170,5,,,0,75,,18179,5,,,0,35,,18177,5,,,0,75,,18166,5,,,0,75,,18178,5,,,0,35,,18168,5,,,0,75,,18173,5,,,0,35,,18175,5,,,0,75,,18180,5,,,0,75,,18169,5,,,0,35,,18176,4,,,0,70,,18172,4,,,0,5,,18174,4,,,0
6100,'29bb4b7a-5d7b-4f78-bccd-adce0636a676',1005,,18664,5,,,0,35,,18663,5,,,0,75,,18661,5,,,0,35,,18659,5,,,0,75,,18660,5,,,0,75,,18658,5,,,0,35,,18667,5,,,0,75,,18656,5,,,0,35,,18654,5,,,0,75,,18665,5,,,0,35,,18653,5,,,0,75,,18662,5,,,0,80,,18657,5,,,0,35,,18666,5,,,0,75,,18655,5,,,0
6100,'3d6b7334-041d-4cdf-b33e-9fc06607d92b',535,,18669,5,,,0,75,,18691,5,,,0,35,,18686,5,,,0,55,,18709,5,,,0,20,,18693,5,,,0,20,,18676,5,,,0,60,,18689,5,,,0,20,,18704,5,,,0,20,,18692,5,,,0,60,,18682,5,,,0,20,,18706,5,,,0,80,,18677,5,,,0,40,,18671,5,,,0,80,,18681,5,,,0,80,,18690,5,,,0,40,,18708,5,,,0,60,,18702,5,,,0,25,,18672,5,,,0,20,,18685,5,,,0,60,,18705,5,,,0,20,,18694,5,,,0,25,,18707,5,,,0,60,,18679,5,,,0,25,,18684,5,,,0,20,,18697,5,,,0,65,,18670,5,,,0,20,,18700,5,,,0,65,,18696,5,,,0,20,,18683,5,,,0,25,,18699,5,,,0,60,,18687,5,,,0,20,,18703,5,,,0,20,,18688,5,,,0,60,,18678,5,,,0,20,,18675,5,,,0,15,,18680,5,,,0,75,,18698,5,,,0,35,,18701,5,,,0,75,,18673,5,,,0,75,,18668,5,,,0,35,,18695,5,,,0,75,,18674,5,,,0
6100,'55f98007-25ae-4999-903a-9517a72acc76',610,,18729,5,,,0,90,,18730,5,,,0,40,,18723,5,,,0,80,,18712,5,,,0,80,,18726,5,,,0,40,,18715,5,,,0,80,,18724,5,,,0,80,,18717,5,,,0,45,,18733,5,,,0,85,,18713,5,,,0,85,,18716,5,,,0,85,,18725,5,,,0,45,,18714,5,,,0,85,,18721,5,,,0,85,,18710,5,,,0,85,,18718,5,,,0,45,,18711,5,,,0,85,,18722,5,,,0,75,,18731,5,,,0,35,,18727,5,,,0,75,,18732,5,,,0,35,,18720,5,,,0,75,,18719,5,,,0,75,,18728,4,,,0
6100,'aebab1a8-3c1a-47f7-a9ad-73a4dd0b203e',930,,18741,5,,,0,80,,18738,5,,,0,40,,18742,5,,,0,80,,18734,5,,,0,80,,18736,5,,,0,40,,18746,5,,,0,80,,18739,5,,,0,80,,18740,5,,,0,40,,18735,5,,,0,80,,18743,5,,,0,80,,18745,5,,,0,40,,18737,5,,,0,80,,18744,4,,,0
6300,'3d6b7334-041d-4cdf-b33e-9fc06607d92b',630,,18850,4,,,0,70,,18837,4,,,0,30,,18844,4,,,0,75,,18846,4,,,0,35,,18847,4,,,0,75,,18842,4,,,0,35,,18835,4,,,0,75,,18838,4,,,0,75,,18839,4,,,0,30,,18824,4,,,0,70,,18825,4,,,0,30,,18829,4,,,0,75,,18848,4,,,0,35,,18830,4,,,0,75,,18834,4,,,0,35,,18841,4,,,0,75,,18836,4,,,0,75,,18831,4,,,0,35,,18827,4,,,0,75,,18833,4,,,0,35,,18828,4,,,0,75,,18840,4,,,0,35,,18832,4,,,0,75,,18845,4,,,0,75,,18843,4,,,0,35,,18826,4,,,0,70,,18849,4,0,5,0
6300,'55f98007-25ae-4999-903a-9517a72acc76',630,,18860,4,,,0,70,,18866,4,,,0,30,,18874,4,,,0,75,,18877,4,,,0,35,,18876,4,,,0,75,,18858,4,,,0,35,,18856,4,,,0,75,,18863,4,,,0,75,,18852,4,,,0,30,,18861,4,,,0,70,,18867,4,,,0,30,,18857,4,,,0,75,,18859,4,,,0,35,,18872,4,,,0,75,,18875,4,,,0,35,,18870,4,,,0,75,,18869,4,,,0,75,,18853,4,,,0,35,,18868,4,,,0,75,,18864,4,,,0,35,,18873,4,,,0,75,,18862,4,,,0,35,,18855,4,,,0,75,,18865,4,,,0,75,,18851,4,,,0,35,,18871,4,,,0,70,,18854,4,0,5,0
6300,'aebab1a8-3c1a-47f7-a9ad-73a4dd0b203e',930,,18889,4,,,0,75,,18878,4,,,0,35,,18883,4,,,0,75,,18886,4,,,0,35,,18892,4,,,0,75,,18882,4,,,0,75,,18884,4,,,0,35,,18881,4,,,0,75,,18885,4,,,0,35,,18891,4,,,0,75,,18887,4,,,0,35,,18890,4,,,0,75,,18879,4,,,0,75,,18880,4,,,0,35,,18888,4,0,5,0
