5101,'595d987c-b6af-4553-91b7-dc23a0d7ec1c',604,,19931,6,,,0,15,,19985,6,,,0,15,,19978,6,,,0,15,,19967,6,,,0,53,,19981,6,,,0,14,,19974,6,,,0,18,,19937,6,,,0,15,,19942,6,,,0,55,,19963,6,,,0,15,,19952,6,,,0,15,,19949,6,,,0,17,,19950,6,,,0,58,,19971,6,,,0,18,,19933,6,,,0,16,,19990,6,,,0,15,,19959,6,,,0,55,,19953,6,,,0,22,,19941,6,,,0,18,,19964,6,,,0,58,,19943,6,,,0,16,,19986,6,,,0,16,,19976,6,,,0,12,,19962,6,,,0,52,,19940,6,,,0,12,,19982,6,,,0,23,,19989,6,,,0,59,,19934,6,,,0,19,,19973,6,,,0,16,,19980,6,,,0,16,,19961,6,,,0,56,,19968,6,,,0,18,,19998,6,,,0,16,,19993,6,,,0,16,,19983,6,,,0,58,,19951,6,,,0,16,,19957,6,,,0,17,,19936,6,,,0,56,,19992,6,,,0,18,,19984,6,,,0,16,,19995,6,,,0,16,,19994,6,,,0,60,,19946,6,,,0,15,,19987,6,,,0,16,,19975,6,,,0,56,,19965,6,,,0,15,,19970,6,,,0,17,,19960,6,,,0,17,,19939,6,,,0,58,,19948,6,,,0,18,,19944,6,,,0,16,,19955,6,,,0,14,,19945,6,,,0,57,,19935,6,,,0,17,,19997,6,,,0,18,,19932,6,,,0,58,,19954,6,,,0,16,,19991,6,,,0,15,,19966,6,,,0,16,,19996,6,,,0,57,,19947,6,,,0,17,,19977,6,,,0,18,,19979,6,,,0,56,,19969,6,,,0,17,,19938,6,,,0,12,,19956,6,,,0
5101,'d01a14a4-d6a9-4013-8e71-e69303fb0b13',1030,,20003,6,,,0,75,,20005,6,,,0,35,,20000,6,,,0,75,,20009,6,,,0,35,,20007,6,,,0,75,,20008,6,,,0,75,,20002,6,,,0,35,,20013,6,,,0,75,,20011,6,,,0,35,,20001,6,,,0,75,,20006,6,,,0,35,,20014,6,,,0,75,,20004,6,,,0,75,,20012,6,,,0,35,,19999,6,,,0
5101,'d3716f81-b7c0-479c-ad60-6712cf7781f4',914,,20031,6,,,0,18,,20042,6,,,0,20,,20038,6,,,0,52,,20034,6,,,0,28,,20035,6,,,0,20,,20015,6,,,0,58,,20036,6,,,0,18,,20037,6,,,0,18,,20021,6,,,0,58,,20033,6,,,0,20,,20041,6,,,0,18,,20016,6,,,0,58,,20023,6,,,0,18,,20017,6,,,0,18,,20044,6,,,0,18,,20039,6,,,0,62,,20040,6,,,0,18,,20022,6,,,0,18,,20027,6,,,0,58,,20028,6,,,0,18,,20024,6,,,0,18,,20029,6,,,0,60,,20018,6,,,0,20,,20045,6,,,0,19,,20019,6,,,0,58,,20046,6,,,0,18,,20043,6,,,0,18,,20030,6,,,0,18,,20032,6,,,0,53,,20025,6,,,0,20,,20026,6,,,0
5101,'f394ee2a-c90c-4cfe-bbfc-c5340e68ee20',602,,20063,6,,,0,13,,20109,6,,,0,13,,20051,6,,,0,14,,20116,6,,,0,14,,20078,6,,,0,61,,20068,6,,,0,12,,20124,6,,,0,16,,20102,6,,,0,56,,20122,6,,,0,16,,20047,6,,,0,18,,20087,6,,,0,15,,20094,6,,,0,53,,20075,6,,,0,14,,20059,6,,,0,17,,20112,6,,,0,17,,20061,6,,,0,57,,20100,6,,,0,17,,20067,6,,,0,16,,20093,6,,,0,14,,20086,6,,,0,55,,20060,6,,,0,15,,20065,6,,,0,16,,20083,6,,,0,16,,20080,6,,,0,53,,20056,6,,,0,13,,20092,6,,,0,12,,20070,6,,,0,11,,20103,6,,,0,56,,20081,6,,,0,16,,20121,6,,,0,16,,20119,6,,,0,16,,20108,6,,,0,52,,20082,6,,,0,11,,20057,6,,,0,20,,20110,6,,,0,14,,20066,6,,,0,54,,20118,6,,,0,14,,20117,6,,,0,14,,20115,6,,,0,15,,20084,6,,,0,15,,20098,6,,,0,56,,20054,6,,,0,15,,20049,6,,,0,15,,20073,6,,,0,14,,20072,6,,,0,54,,20114,6,,,0,14,,20099,6,,,0,15,,20105,6,,,0,14,,20058,6,,,0,56,,20048,6,,,0,15,,20123,6,,,0,15,,20088,6,,,0,14,,20069,6,,,0,54,,20085,6,,,0,12,,20097,6,,,0,23,,20074,6,,,0,55,,20050,6,,,0,18,,20089,6,,,0,14,,20104,6,,,0,14,,20107,6,,,0,54,,20091,6,,,0,14,,20101,6,,,0,11,,20055,6,,,0,16,,20064,6,,,0,17,,20090,6,,,0,55,,20076,6,,,0,14,,20062,6,,,0,14,,20113,6,,,0,14,,20120,6,,,0,50,,20079,6,,,0,14,,20053,6,,,0,15,,20071,6,,,0
6200,'595d987c-b6af-4553-91b7-dc23a0d7ec1c',621,,20312,71,,,0,81,,20318,71,,,0,41,,20323,71,,,0,81,,20307,71,,,0,81,,20322,71,,,0,41,,20314,71,,,0,81,,20316,71,,,0,81,,20317,71,,,0,41,,20302,71,,,0,81,,20319,71,,,0,81,,20308,71,,,0,41,,20311,71,,,0,81,,20303,71,,,0,81,,20326,71,,,0,86,,20313,71,,,0,46,,20324,71,,,0,86,,20315,71,,,0,86,,20305,71,,,0,86,,20325,71,,,0,41,,20309,71,,,0,81,,20310,71,,,0,81,,20306,71,,,0,41,,20320,71,,,0,81,,20304,71,,,0,81,,20321,71,,,0
6200,'d01a14a4-d6a9-4013-8e71-e69303fb0b13',1021,,20339,71,,,0,35,,20328,71,,,0,75,,20337,71,,,0,75,,20331,71,,,0,35,,20341,71,,,0,75,,20329,71,,,0,35,,20334,71,,,0,75,,20332,71,,,0,75,,20336,71,,,0,35,,20327,71,,,0,75,,20340,71,,,0,35,,20330,71,,,0,75,,20333,71,,,0,35,,20335,71,,,0,75,,20338,71,,,0
6200,'d3716f81-b7c0-479c-ad60-6712cf7781f4',1026,,20350,71,,,0,81,,20353,71,,,0,41,,20349,71,,,0,81,,20347,71,,,0,81,,20351,71,,,0,41,,20344,71,,,0,81,,20343,71,,,0,81,,20352,71,,,0,41,,20346,71,,,0,81,,20348,71,,,0,81,,20345,71,,,0,41,,20342,71,,,0
6200,'f394ee2a-c90c-4cfe-bbfc-c5340e68ee20',621,,20358,71,,,0,81,,20374,71,,,0,41,,20371,71,,,0,81,,20356,71,,,0,81,,20359,71,,,0,41,,20355,71,,,0,81,,20367,71,,,0,81,,20376,71,,,0,41,,20368,71,,,0,81,,20370,71,,,0,81,,20372,71,,,0,41,,20364,71,,,0,81,,20366,71,,,0,81,,20357,71,,,0,86,,20375,71,,,0,46,,20373,71,,,0,86,,20377,71,,,0,86,,20354,71,,,0,86,,20363,71,,,0,41,,20360,71,,,0,81,,20369,71,,,0,81,,20378,71,,,0,41,,20361,71,,,0,81,,20365,71,,,0,81,,20362,71,,,0
9300,'595d987c-b6af-4553-91b7-dc23a0d7ec1c',658,,20788,99,,,0,89,,20779,99,,,0,89,,20778,99,,,0,89,,20791,99,,,0,89,,20781,99,,,0,91,,20775,99,,,0,54,,20776,99,,,0,94,,20780,99,,,0,94,,20789,99,,,0,94,,20786,99,,,0,94,,20790,99,,,0,92,,20782,99,,,0,89,,20783,99,,,0,89,,20785,99,,,0,49,,20777,99,,,0,88,,20792,99,,,0,87,,20787,99,,,0,87,,20784,99,,,0
9300,'d3716f81-b7c0-479c-ad60-6712cf7781f4',958,,20797,99,,,0,89,,20801,99,,,0,89,,20795,99,,,0,89,,20800,99,,,0,89,,20803,99,,,0,89,,20794,99,,,0,49,,20799,99,,,0,89,,20802,99,,,0,89,,20796,99,,,0,89,,20798,99,,,0,89,,20793,99,,,0
9300,'f394ee2a-c90c-4cfe-bbfc-c5340e68ee20',701,,20805,99,,,0,55,,20804,99,,,0,99,,20819,99,,,0,97,,20815,99,,,0,96,,20811,99,,,0,96,,20808,99,,,0,96,,20812,99,,,0,96,,20810,99,,,0,96,,20818,99,,,0,96,,20809,99,,,0,98,,20820,99,,,0,98,,20817,99,,,0,96,,20814,99,,,0,90,,20807,99,,,0,90,,20813,99,,,0,50,,20806,99,,,0,89,,20816,99,,,0
