5000,'29bb4b7a-5d7b-4f78-bccd-adce0636a676',1010,,18092,57,,,0,35,,18099,57,,,0,75,,18083,57,,,0,35,,18090,57,,,0,75,,18084,57,,,0,75,,18091,57,,,0,35,,18087,57,,,0,75,,18097,57,,,0,35,,18096,57,,,0,75,,18085,57,,,0,75,,18098,57,,,0,35,,18089,57,,,0,75,,18086,57,,,0,35,,18093,57,,,0,75,,18088,51,,,0,35,,18094,51,,,0,49,,18095,49,,,0
5000,'3d6b7334-041d-4cdf-b33e-9fc06607d92b',652,,18116,57,,,0,64,,18101,57,,,0,26,,18127,57,,,0,66,,18120,57,,,0,26,,18103,57,,,0,66,,18118,57,,,0,26,,18106,57,,,0,26,,18129,57,,,0,66,,18126,49,,,0,26,,18108,57,,,0,68,,18110,57,,,0,45,,18113,57,,,0,74,,18100,57,,,0,85,,18128,57,,,0,34,,18115,57,,,0,68,,18104,57,,,0,25,,18131,57,,,0,69,,18130,57,,,0,28,,18134,57,,,0,67,,18117,57,,,0,26,,18133,57,,,0,74,,18125,57,,,0,33,,18119,57,,,0,67,,18107,57,,,0,33,,18102,57,,,0,64,,18112,57,,,0,24,,18135,57,,,0,26,,18105,51,,,0,67,,18132,57,,,0,23,,18123,57,,,0,90,,18121,57,,,0,23,,18122,51,,,0,90,,18114,51,,,0
5000,'55f98007-25ae-4999-903a-9517a72acc76',715,,18157,57,,,0,35,,18143,57,,,0,75,,18138,57,,,0,75,,18158,57,,,0,35,,18154,57,,,0,75,,18162,57,,,0,35,,18147,57,,,0,75,,18150,57,,,0,37,,18153,57,,,0,77,,18149,57,,,0,80,,18141,57,,,0,37,,18163,57,,,0,80,,18137,57,,,0,77,,18160,57,,,0,40,,18155,57,,,0,77,,18148,57,,,0,80,,18136,57,,,0,37,,18156,57,,,0,76,,18151,57,,,0,37,,18152,57,,,0,75,,18140,57,,,0,75,,18161,57,,,0,35,,18144,57,,,0,75,,18142,51,,,0,35,,18139,51,,,0
5000,'aebab1a8-3c1a-47f7-a9ad-73a4dd0b203e',1010,,18181,57,,,0,35,,18171,57,,,0,75,,18164,57,,,0,35,,18170,57,,,0,75,,18179,57,,,0,75,,18177,57,,,0,35,,18166,57,,,0,75,,18178,57,,,0,35,,18168,57,,,0,75,,18173,57,,,0,75,,18175,57,,,0,35,,18180,57,,,0,75,,18169,57,,,0,35,,18176,51,,,0,69,,18172,49,,,0,7,,18174,49,,,0
5104,'29bb4b7a-5d7b-4f78-bccd-adce0636a676',1044,,18391,78,0,9 1 10,0,75,,18381,78,0,9 1 10,0,35,,18377,78,0,9 1 10,0,75,,18390,78,0,9 1 10,0,75,,18386,78,0,9 1 10,0,35,,18379,78,0,9 1 10,0,75,,18382,78,0,9 1 10,0,35,,18376,78,0,9 1 10,0,75,,18387,78,0,9 1 10,0,35,,18384,78,0,9 1 10,0,75,,18378,78,0,9 1 10,0,75,,18380,78,0,9 1 10,0,35,,18389,78,0,9 1 10,0,75,,18383,78,0,9 1 10,0,35,,18388,78,0,9 1 10,0
5104,'3d6b7334-041d-4cdf-b33e-9fc06607d92b',612,,18398,78,0,9 1 10,0,13,,18445,78,0,9 1 10,0,13,,18448,78,0,9 1 10,0,15,,18400,78,0,9 1 10,0,54,,18415,78,0,9 1 10,0,23,,18416,78,0,9 1 10,0,12,,18426,78,0,9 1 10,0,16,,18456,78,0,9 1 10,0,57,,18449,78,0,9 1 10,0,16,,18460,78,0,9 1 10,0,18,,18428,78,0,9 1 10,0,55,,18414,78,0,9 1 10,0,14,,18468,78,0,9 1 10,0,14,,18408,78,0,9 1 10,0,16,,18447,78,0,9 1 10,0,57,,18431,78,0,9 1 10,0,17,,18427,78,0,9 1 10,0,17,,18464,78,0,9 1 10,0,16,,18466,78,0,9 1 10,0,55,,18418,78,0,9 1 10,0,15,,18429,78,0,9 1 10,0,15,,18452,78,0,9 1 10,0,16,,18446,78,0,9 1 10,0,56,,18459,78,0,9 1 10,0,13,,18402,78,0,9 1 10,0,14,,18463,78,0,9 1 10,0,14,,18434,78,0,9 1 10,0,51,,18392,78,0,9 1 10,0,14,,18457,78,0,9 1 10,0,16,,18462,78,0,9 1 10,0,15,,18403,78,0,9 1 10,0,56,,18424,78,0,9 1 10,0,15,,18437,78,0,9 1 10,0,11,,18443,78,0,9 1 10,0,20,,18438,78,0,9 1 10,0,54,,18399,78,0,9 1 10,0,14,,18461,78,0,9 1 10,0,14,,18441,78,0,9 1 10,0,14,,18396,78,0,9 1 10,0,55,,18435,78,0,9 1 10,0,15,,18433,78,0,9 1 10,0,16,,18419,78,0,9 1 10,0,15,,18412,78,0,9 1 10,0,55,,18413,78,0,9 1 10,0,14,,18451,78,0,9 1 10,0,14,,18453,78,0,9 1 10,0,14,,18395,78,0,9 1 10,0,55,,18467,78,0,9 1 10,0,11,,18421,78,0,9 1 10,0,19,,18393,78,0,9 1 10,0,12,,18422,78,0,9 1 10,0,15,,18397,78,0,9 1 10,0,54,,18432,78,0,9 1 10,0,14,,18430,78,0,9 1 10,0,11,,18394,78,0,9 1 10,0,22,,18454,78,0,9 1 10,0,56,,18406,78,0,9 1 10,0,19,,18469,78,0,9 1 10,0,14,,18465,78,0,9 1 10,0,54,,18458,78,0,9 1 10,0,14,,18425,78,0,9 1 10,0,14,,18455,78,0,9 1 10,0,10,,18436,78,0,9 1 10,0,16,,18404,78,0,9 1 10,0,57,,18423,78,0,9 1 10,0,15,,18439,78,0,9 1 10,0,14,,18409,78,0,9 1 10,0,14,,18450,78,0,9 1 10,0,54,,18411,77,0,9 1 10,0,9,,18442,77,0,9 1 10,0,11,,18420,77,0,9 1 10,0,16,,18410,77,0,9 1 10,0
5104,'55f98007-25ae-4999-903a-9517a72acc76',614,,18534,78,0,9 1 10,0,15,,18526,78,0,9 1 10,0,15,,18516,78,0,9 1 10,0,15,,18498,78,0,9 1 10,0,54,,18519,78,0,9 1 10,0,14,,18506,78,0,9 1 10,0,20,,18529,78,0,9 1 10,0,55,,18527,78,0,9 1 10,0,15,,18515,78,0,9 1 10,0,15,,18489,78,0,9 1 10,0,15,,18474,78,0,9 1 10,0,57,,18523,78,0,9 1 10,0,18,,18479,78,0,9 1 10,0,18,,18530,78,0,9 1 10,0,16,,18520,78,0,9 1 10,0,55,,18500,78,0,9 1 10,0,15,,18488,78,0,9 1 10,0,23,,18472,78,0,9 1 10,0,58,,18533,78,0,9 1 10,0,19,,18531,78,0,9 1 10,0,16,,18477,78,0,9 1 10,0,16,,18518,78,0,9 1 10,0,52,,18512,78,0,9 1 10,0,12,,18517,78,0,9 1 10,0,12,,18471,78,0,9 1 10,0,23,,18486,78,0,9 1 10,0,59,,18514,78,0,9 1 10,0,19,,18536,78,0,9 1 10,0,16,,18475,78,0,9 1 10,0,56,,18495,78,0,9 1 10,0,16,,18485,78,0,9 1 10,0,18,,18537,78,0,9 1 10,0,16,,18528,78,0,9 1 10,0,56,,18524,78,0,9 1 10,0,18,,18478,78,0,9 1 10,0,16,,18481,78,0,9 1 10,0,57,,18496,78,0,9 1 10,0,16,,18494,78,0,9 1 10,0,19,,18507,78,0,9 1 10,0,16,,18476,78,0,9 1 10,0,56,,18484,78,0,9 1 10,0,20,,18505,78,0,9 1 10,0,15,,18503,78,0,9 1 10,0,56,,18473,78,0,9 1 10,0,16,,18497,78,0,9 1 10,0,14,,18508,78,0,9 1 10,0,17,,18499,78,0,9 1 10,0,57,,18504,78,0,9 1 10,0,18,,18483,78,0,9 1 10,0,18,,18480,78,0,9 1 10,0,16,,18487,78,0,9 1 10,0,53,,18510,78,0,9 1 10,0,17,,18535,78,0,9 1 10,0,17,,18501,78,0,9 1 10,0,58,,18532,78,0,9 1 10,0,18,,18470,78,0,9 1 10,0,16,,18511,78,0,9 1 10,0,15,,18522,78,0,9 1 10,0,56,,18513,78,0,9 1 10,0,17,,18492,78,0,9 1 10,0,17,,18521,78,0,9 1 10,0,16,,18525,78,0,9 1 10,0,56,,18490,77,0,9 1 10,0,17,,18509,77,0,9 1 10,0,11,,18502,77,0,9 1 10,0
5104,'aebab1a8-3c1a-47f7-a9ad-73a4dd0b203e',926,,18566,78,0,9 1 10,0,18,,18559,78,0,9 1 10,0,60,,18555,78,0,9 1 10,0,11,,18552,78,0,9 1 10,0,31,,18557,78,0,9 1 10,0,60,,18564,78,0,9 1 10,0,18,,18541,78,0,9 1 10,0,18,,18551,78,0,9 1 10,0,58,,18561,78,0,9 1 10,0,18,,18554,78,0,9 1 10,0,20,,18539,78,0,9 1 10,0,18,,18538,78,0,9 1 10,0,58,,18542,78,0,9 1 10,0,18,,18569,78,0,9 1 10,0,18,,18546,78,0,9 1 10,0,58,,18568,78,0,9 1 10,0,22,,18567,78,0,9 1 10,0,18,,18553,78,0,9 1 10,0,58,,18550,78,0,9 1 10,0,18,,18545,78,0,9 1 10,0,18,,18556,78,0,9 1 10,0,58,,18565,78,0,9 1 10,0,20,,18558,78,0,9 1 10,0,20,,18543,78,0,9 1 10,0,19,,18560,78,0,9 1 10,0,58,,18562,78,0,9 1 10,0,18,,18540,78,0,9 1 10,0,18,,18549,78,0,9 1 10,0,48,,18544,78,0,9 1 10,0,21,,18547,77,0,9 1 10,0,19,,18563,77,0,9 1 10,0
6200,'29bb4b7a-5d7b-4f78-bccd-adce0636a676',1044,,18754,199,,,0,75,,18755,199,,,0,35,,18756,199,,,0,75,,18747,199,,,0,75,,18759,199,,,0,35,,18750,199,,,0,75,,18760,199,,,0,35,,18751,199,,,0,75,,18753,199,,,0,35,,18748,199,,,0,75,,18749,199,,,0,75,,18758,199,,,0,35,,18761,199,,,0,75,,18757,199,,,0,35,,18752,199,,,0
6200,'3d6b7334-041d-4cdf-b33e-9fc06607d92b',650,,18779,199,,,0,81,,18765,199,,,0,81,,18777,199,,,0,41,,18767,199,,,0,81,,18766,199,,,0,81,,18775,199,,,0,41,,18783,199,,,0,81,,18774,199,,,0,81,,18764,199,,,0,41,,18770,199,,,0,81,,18763,199,,,0,81,,18768,199,,,0,81,,18786,199,,,0,45,,18782,199,,,0,86,,18785,199,,,0,86,,18781,199,,,0,86,,18769,199,,,0,46,,18771,199,,,0,82,,18772,199,,,0,81,,18762,199,,,0,41,,18780,199,,,0,81,,18773,199,,,0,81,,18776,199,,,0,41,,18784,199,,,0,81,,18778,200,,,0
6200,'55f98007-25ae-4999-903a-9517a72acc76',650,,18791,199,,,0,81,,18796,199,,,0,81,,18793,199,,,0,41,,18804,199,,,0,81,,18808,199,,,0,81,,18807,199,,,0,41,,18809,199,,,0,81,,18810,199,,,0,81,,18797,199,,,0,41,,18799,199,,,0,81,,18811,199,,,0,81,,18802,199,,,0,81,,18790,199,,,0,45,,18795,199,,,0,86,,18803,199,,,0,86,,18806,199,,,0,86,,18801,199,,,0,46,,18798,199,,,0,82,,18792,199,,,0,81,,18789,199,,,0,41,,18800,199,,,0,81,,18787,199,,,0,81,,18805,199,,,0,41,,18794,199,,,0,81,,18788,200,,,0
6200,'aebab1a8-3c1a-47f7-a9ad-73a4dd0b203e',1055,,18820,199,,,0,81,,18815,199,,,0,81,,18821,199,,,0,41,,18823,199,,,0,81,,18816,199,,,0,81,,18817,199,,,0,81,,18818,199,,,0,41,,18822,199,,,0,81,,18813,199,,,0,81,,18812,199,,,0,41,,18814,199,,,0,81,,18819,200,,,0
6500,'3d6b7334-041d-4cdf-b33e-9fc06607d92b',652,,19004,38,,,0,75,,19013,38,,,0,76,,19002,38,,,0,36,,19007,38,,,0,83,,18999,38,,,0,30,,18992,38,,,0,70,,19017,38,,,0,30,,19011,38,,,0,70,,19010,38,,,0,30,,18990,38,,,0,70,,19015,38,,,0,30,,19001,38,,,0,70,,18995,38,,,0,30,,19009,38,,,0,70,,18998,38,,,0,30,,19006,38,,,0,70,,18991,38,,,0,32,,19003,38,,,0,80,,18993,38,,,0,80,,19016,38,,,0,38,,19014,38,,,0,70,,19012,38,,,0,30,,19000,38,,,0,70,,18997,38,,,0,30,,19008,38,,,0,70,,19005,38,,,0,30,,18994,38,,,0,70,,18996,38,,,0
6500,'55f98007-25ae-4999-903a-9517a72acc76',652,,19036,38,,,0,75,,19024,38,,,0,76,,19038,38,,,0,36,,19035,38,,,0,83,,19039,38,,,0,30,,19022,38,,,0,70,,19029,38,,,0,30,,19031,38,,,0,70,,19041,38,,,0,30,,19018,38,,,0,70,,19021,38,,,0,30,,19030,38,,,0,70,,19019,38,,,0,30,,19042,38,,,0,70,,19025,38,,,0,30,,19037,38,,,0,70,,19026,38,,,0,32,,19023,38,,,0,80,,19034,38,,,0,80,,19033,38,,,0,38,,19020,38,,,0,70,,19043,38,,,0,30,,19028,38,,,0,70,,19027,38,,,0,30,,19044,38,,,0,70,,19032,38,,,0,30,,19040,38,,,0,70,,19045,38,,,0
6500,'aebab1a8-3c1a-47f7-a9ad-73a4dd0b203e',1022,,19058,38,,,0,30,,19048,38,,,0,70,,19046,38,,,0,30,,19061,38,,,0,70,,19052,38,,,0,30,,19051,38,,,0,70,,19056,38,,,0,30,,19054,38,,,0,70,,19057,38,,,0,30,,19053,38,,,0,70,,19050,38,,,0,30,,19055,38,,,0,70,,19049,38,,,0,30,,19047,38,,,0,70,,19059,38,,,0,30,,19060,38,,,0
