1600,'595d987c-b6af-4553-91b7-dc23a0d7ec1c',1152,,19589,83,,,0,75,,19595,83,,,0,75,,19593,83,,,0,35,,19594,83,,,0,75,,19584,83,,,0,35,,19586,83,,,0,75,,19590,83,,,0,35,,19585,83,,,0,75,,19587,83,,,0,75,,19591,83,,,0,35,,19588,83,,,0,75,,19596,83,,,0,35,,19592,92,,,0
1600,'d3716f81-b7c0-479c-ad60-6712cf7781f4',1042,,19599,83,,,0,75,,19602,83,,,0,35,,19609,83,,,0,75,,19608,83,,,0,75,,19603,83,,,0,35,,19598,83,,,0,75,,19605,83,,,0,35,,19607,83,,,0,75,,19600,83,,,0,35,,19601,83,,,0,75,,19597,83,,,0,75,,19606,83,,,0,35,,19604,92,,,0
1600,'f394ee2a-c90c-4cfe-bbfc-c5340e68ee20',704,,19612,83,,,0,33,,19617,83,,,0,75,,19625,83,,,0,32,,19626,83,,,0,70,,19633,83,,,0,30,,19631,83,,,0,70,,19618,83,,,0,30,,19623,83,,,0,70,,19624,83,,,0,30,,19620,83,,,0,75,,19616,83,,,0,38,,19619,83,,,0,75,,19628,83,,,0,75,,19636,83,,,0,35,,19613,83,,,0,75,,19634,83,,,0,35,,19629,83,,,0,77,,19611,83,,,0,80,,19627,83,,,0,40,,19630,83,,,0,75,,19610,83,,,0,30,,19614,83,,,0,70,,19632,83,,,0,30,,19615,83,,,0,70,,19635,83,,,0,30,,19622,83,,,0,70,,19621,92,,,0
5000,'595d987c-b6af-4553-91b7-dc23a0d7ec1c',652,,19649,362,,,0,77,,19644,362,,,0,77,,19637,362,,,0,35,,19664,362,,,0,75,,19661,362,,,0,35,,19654,362,,,0,75,,19643,362,,,0,75,,19662,362,,,0,35,,19652,362,,,0,77,,19653,362,,,0,40,,19648,362,,,0,77,,19659,362,,,0,80,,19642,362,,,0,37,,19647,362,,,0,80,,19658,362,,,0,77,,19660,362,,,0,41,,19639,362,,,0,76,,19651,362,,,0,38,,19663,362,,,0,77,,19638,362,,,0,73,,19640,362,,,0,37,,19645,362,,,0,75,,19657,362,,,0,35,,19656,362,,,0,75,,19646,362,,,0
5000,'d01a14a4-d6a9-4013-8e71-e69303fb0b13',1026,,19671,317,,,0,75,,19682,362,,,0,35,,19672,362,,,0,75,,19670,362,,,0,35,,19676,362,,,0,75,,19679,362,,,0,35,,19667,362,,,0,75,,19675,362,,,0,75,,19666,362,,,0,35,,19668,362,,,0,75,,19673,362,,,0,35,,19665,362,,,0,75,,19678,362,,,0,75,,19669,362,,,0,35,,19680,362,,,0
5000,'d3716f81-b7c0-479c-ad60-6712cf7781f4',951,,19697,362,,,0,76,,19691,362,,,0,74,,19689,362,,,0,34,,19700,362,,,0,75,,19692,362,,,0,35,,19696,362,,,0,76,,19687,362,,,0,34,,19683,362,,,0,76,,19686,362,,,0,74,,19694,362,,,0,36,,19693,362,,,0,74,,19688,362,,,0,36,,19698,362,,,0,74,,19695,362,,,0,76,,19699,362,,,0
5000,'f394ee2a-c90c-4cfe-bbfc-c5340e68ee20',652,,19718,362,,,0,64,,19701,362,,,0,24,,19727,362,,,0,69,,19733,362,,,0,26,,19712,362,,,0,66,,19719,362,,,0,26,,19713,362,,,0,23,,19705,362,,,0,67,,19731,362,,,0,25,,19711,362,,,0,64,,19706,310,,,0,31,,19723,362,,,0,69,,19702,362,,,0,48,,19720,362,,,0,71,,19729,362,,,0,85,,19716,362,,,0,34,,19703,362,,,0,67,,19728,362,,,0,28,,19732,362,,,0,69,,19724,362,,,0,32,,19708,362,,,0,72,,19710,362,,,0,27,,19736,362,,,0,74,,19704,362,,,0,26,,19717,362,,,0,66,,19735,362,,,0,27,,19721,362,,,0,24,,19715,362,,,0,63,,19709,362,,,0,93,,19726,362,,,0,23,,19714,362,,,0,90,,19734,362,,,0
6400,'595d987c-b6af-4553-91b7-dc23a0d7ec1c',633,,20471,68,,,0,75,,20473,68,,,0,35,,20461,68,,,0,80,,20467,68,,,0,80,,20460,68,,,0,40,,20458,68,,,0,75,,20448,68,,,0,35,,20449,68,,,0,75,,20462,68,,,0,75,,20457,68,,,0,35,,20474,68,,,0,75,,20450,68,,,0,35,,20464,68,,,0,75,,20453,68,,,0,35,,20459,68,,,0,75,,20472,68,,,0,75,,20466,68,,,0,40,,20456,68,,,0,80,,20469,68,,,0,80,,20470,68,,,0,40,,20451,68,,,0,75,,20468,68,,,0,35,,20455,68,,,0,75,,20463,68,,,0,75,,20465,68,,,0,35,,20452,68,,,0,75,,20454,68,,,0
6400,'d01a14a4-d6a9-4013-8e71-e69303fb0b13',1013,,20483,68,,,0,35,,20475,68,,,0,75,,20488,68,,,0,35,,20478,68,,,0,75,,20487,68,,,0,75,,20476,68,,,0,35,,20485,68,,,0,75,,20481,68,,,0,35,,20490,68,,,0,75,,20479,68,,,0,75,,20477,68,,,0,35,,20482,68,,,0,75,,20484,68,,,0,35,,20480,68,,,0,75,,20486,68,,,0,35,,20489,68,,,0
6400,'d3716f81-b7c0-479c-ad60-6712cf7781f4',943,,20496,68,,,0,75,,20493,68,,,0,35,,20491,68,,,0,75,,20501,68,,,0,75,,20502,68,,,0,35,,20505,68,,,0,75,,20500,68,,,0,35,,20504,68,,,0,75,,20497,68,,,0,35,,20494,68,,,0,75,,20498,68,,,0,75,,20503,68,,,0,35,,20495,68,,,0,75,,20506,68,,,0,35,,20492,68,,,0,75,,20499,68,,,0
6400,'f394ee2a-c90c-4cfe-bbfc-c5340e68ee20',633,,20540,68,,,0,75,,20521,68,,,0,20,,20542,68,,,0,18,,20508,68,,,0,58,,20509,68,,,0,18,,20520,68,,,0,18,,20535,68,,,0,18,,20517,68,,,0,58,,20510,68,,,0,18,,20512,68,,,0,18,,20526,68,,,0,58,,20544,68,,,0,35,,20523,68,,,0,75,,20511,68,,,0,35,,20529,68,,,0,75,,20513,68,,,0,75,,20537,68,,,0,35,,20536,68,,,0,75,,20534,68,,,0,35,,20518,68,,,0,58,,20507,68,,,0,18,,20515,68,,,0,18,,20528,68,,,0,58,,20541,68,,,0,18,,20543,68,,,0,18,,20527,68,,,0,18,,20532,68,,,0,58,,20525,68,,,0,18,,20533,68,,,0,18,,20519,68,,,0,75,,20530,68,,,0,75,,20516,68,,,0,35,,20539,68,,,0,75,,20531,68,,,0,33,,20522,68,,,0,70,,20514,68,,,0,30,,20538,68,,,0,70,,20524,68,,,0
