5103,'29bb4b7a-5d7b-4f78-bccd-adce0636a676',1032,,18194,54,0,6 1 7,0,75,,18186,54,0,6 1 7,0,35,,18189,54,0,6 1 7,0,75,,18185,54,0,6 1 7,0,35,,18190,54,0,6 1 7,0,75,,18196,54,0,6 1 7,0,75,,18191,54,0,6 1 7,0,35,,18188,54,0,6 1 7,0,75,,18192,54,0,6 1 7,0,35,,18197,54,0,6 1 7,0,75,,18183,54,0,6 1 7,0,35,,18187,54,0,6 1 7,0,75,,18184,54,0,6 1 7,0,75,,18182,54,0,6 1 7,0,35,,18193,54,0,6 1 7,0
5103,'3d6b7334-041d-4cdf-b33e-9fc06607d92b',551,,18244,54,0,6 1 7,0,53,,18262,54,0,6 1 7,0,13,,18237,54,0,6 1 7,0,12,,18207,54,0,6 1 7,0,16,,18212,54,0,6 1 7,0,14,,18224,54,0,6 1 7,0,56,,18216,54,0,6 1 7,0,15,,18243,54,0,6 1 7,0,15,,18238,54,0,6 1 7,0,58,,18260,54,0,6 1 7,0,15,,18215,54,0,6 1 7,0,13,,18252,54,0,6 1 7,0,14,,18250,54,0,6 1 7,0,56,,18205,54,0,6 1 7,0,17,,18228,54,0,6 1 7,0,17,,18267,54,0,6 1 7,0,17,,18232,54,0,6 1 7,0,56,,18200,54,0,6 1 7,0,13,,18254,54,0,6 1 7,0,15,,18219,54,0,6 1 7,0,15,,18202,54,0,6 1 7,0,56,,18229,54,0,6 1 7,0,20,,18259,54,0,6 1 7,0,17,,18233,54,0,6 1 7,0,13,,18253,54,0,6 1 7,0,53,,18246,54,0,6 1 7,0,16,,18251,54,0,6 1 7,0,15,,18255,54,0,6 1 7,0,16,,18201,54,0,6 1 7,0,56,,18256,54,0,6 1 7,0,13,,18270,54,0,6 1 7,0,14,,18242,54,0,6 1 7,0,17,,18258,54,0,6 1 7,0,54,,18214,54,0,6 1 7,0,14,,18227,54,0,6 1 7,0,14,,18220,54,0,6 1 7,0,14,,18203,54,0,6 1 7,0,55,,18226,54,0,6 1 7,0,15,,18273,54,0,6 1 7,0,16,,18268,54,0,6 1 7,0,15,,18272,54,0,6 1 7,0,55,,18209,54,0,6 1 7,0,14,,18222,54,0,6 1 7,0,14,,18211,54,0,6 1 7,0,14,,18231,54,0,6 1 7,0,55,,18213,54,0,6 1 7,0,14,,18225,54,0,6 1 7,0,16,,18261,54,0,6 1 7,0,15,,18271,54,0,6 1 7,0,55,,18236,54,0,6 1 7,0,14,,18248,54,0,6 1 7,0,14,,18199,54,0,6 1 7,0,12,,18230,54,0,6 1 7,0,55,,18204,54,0,6 1 7,0,12,,18208,54,0,6 1 7,0,15,,18265,54,0,6 1 7,0,14,,18266,54,0,6 1 7,0,14,,18239,54,0,6 1 7,0,54,,18269,54,0,6 1 7,0,14,,18249,54,0,6 1 7,0,14,,18218,54,0,6 1 7,0,14,,18217,54,0,6 1 7,0,56,,18241,54,0,6 1 7,0,17,,18264,54,0,6 1 7,0,15,,18198,54,0,6 1 7,0,14,,18245,54,0,6 1 7,0,54,,18235,54,0,6 1 7,0,14,,18257,54,0,6 1 7,0,10,,18223,54,0,6 1 7,0,16,,18263,54,0,6 1 7,0,57,,18247,54,0,6 1 7,0,24,,18206,54,0,6 1 7,0
5103,'55f98007-25ae-4999-903a-9517a72acc76',606,,18305,54,0,6 1 7,0,15,,18274,54,0,6 1 7,0,12,,18311,54,0,6 1 7,0,15,,18296,54,0,6 1 7,0,55,,18341,54,0,6 1 7,0,15,,18287,54,0,6 1 7,0,15,,18338,54,0,6 1 7,0,15,,18300,54,0,6 1 7,0,55,,18290,54,0,6 1 7,0,18,,18286,54,0,6 1 7,0,18,,18339,54,0,6 1 7,0,18,,18280,54,0,6 1 7,0,56,,18316,54,0,6 1 7,0,15,,18293,54,0,6 1 7,0,15,,18302,54,0,6 1 7,0,59,,18285,54,0,6 1 7,0,18,,18318,54,0,6 1 7,0,17,,18317,54,0,6 1 7,0,16,,18326,54,0,6 1 7,0,56,,18312,54,0,6 1 7,0,12,,18329,54,0,6 1 7,0,12,,18313,54,0,6 1 7,0,12,,18291,54,0,6 1 7,0,63,,18337,54,0,6 1 7,0,19,,18301,54,0,6 1 7,0,19,,18295,54,0,6 1 7,0,56,,18283,54,0,6 1 7,0,16,,18288,54,0,6 1 7,0,16,,18303,54,0,6 1 7,0,15,,18334,54,0,6 1 7,0,56,,18327,54,0,6 1 7,0,16,,18333,54,0,6 1 7,0,18,,18332,54,0,6 1 7,0,16,,18304,54,0,6 1 7,0,57,,18298,54,0,6 1 7,0,16,,18284,54,0,6 1 7,0,18,,18322,54,0,6 1 7,0,56,,18340,54,0,6 1 7,0,16,,18319,54,0,6 1 7,0,20,,18281,54,0,6 1 7,0,15,,18276,54,0,6 1 7,0,56,,18307,54,0,6 1 7,0,16,,18299,54,0,6 1 7,0,15,,18343,54,0,6 1 7,0,17,,18275,54,0,6 1 7,0,57,,18292,54,0,6 1 7,0,18,,18342,54,0,6 1 7,0,18,,18306,54,0,6 1 7,0,56,,18309,54,0,6 1 7,0,9,,18282,54,0,6 1 7,0,12,,18323,54,0,6 1 7,0,17,,18279,54,0,6 1 7,0,57,,18335,54,0,6 1 7,0,18,,18336,54,0,6 1 7,0,18,,18278,54,0,6 1 7,0,16,,18314,54,0,6 1 7,0,55,,18310,54,0,6 1 7,0,16,,18331,54,0,6 1 7,0,17,,18320,54,0,6 1 7,0,17,,18324,54,0,6 1 7,0,58,,18308,54,0,6 1 7,0,16,,18289,54,0,6 1 7,0,14,,18315,54,0,6 1 7,0,56,,18330,54,0,6 1 7,0,15,,18277,54,0,6 1 7,0
5103,'aebab1a8-3c1a-47f7-a9ad-73a4dd0b203e',923,,18351,54,0,6 1 7,0,12,,18363,54,0,6 1 7,0,65,,18356,54,0,6 1 7,0,20,,18370,54,0,6 1 7,0,18,,18364,54,0,6 1 7,0,18,,18367,54,0,6 1 7,0,58,,18373,54,0,6 1 7,0,18,,18361,54,0,6 1 7,0,17,,18369,54,0,6 1 7,0,58,,18345,54,0,6 1 7,0,18,,18366,54,0,6 1 7,0,18,,18347,54,0,6 1 7,0,58,,18374,54,0,6 1 7,0,18,,18368,54,0,6 1 7,0,22,,18354,54,0,6 1 7,0,18,,18355,54,0,6 1 7,0,58,,18362,54,0,6 1 7,0,18,,18360,54,0,6 1 7,0,18,,18375,54,0,6 1 7,0,58,,18348,54,0,6 1 7,0,20,,18349,54,0,6 1 7,0,20,,18346,54,0,6 1 7,0,59,,18365,54,0,6 1 7,0,18,,18359,54,0,6 1 7,0,18,,18372,54,0,6 1 7,0,58,,18358,54,0,6 1 7,0,17,,18352,54,0,6 1 7,0,16,,18371,54,0,6 1 7,0,20,,18350,54,0,6 1 7,0,58,,18353,54,0,6 1 7,0,15,,18357,54,0,6 1 7,0
9400,'3d6b7334-041d-4cdf-b33e-9fc06607d92b',644,,19279,121,,,0,92,,19271,121,,,0,91,,19277,121,,,0,93,,19281,121,,,0,88,,19267,121,,,0,48,,19284,121,,,0,88,,19278,121,,,0,88,,19268,121,,,0,88,,19282,121,,,0,88,,19273,121,,,0,48,,19274,121,,,0,88,,19272,121,,,0,90,,19276,121,,,0,88,,19275,121,,,0,88,,19280,121,,,0,47,,19266,121,,,0,86,,19270,121,,,0,85,,19283,121,,,0,85,,19269,121,,,0
9400,'55f98007-25ae-4999-903a-9517a72acc76',643,,19295,121,,,0,84,,19285,121,,,0,85,,19299,121,,,0,45,,19298,121,,,0,86,,19287,121,,,0,85,,19288,121,,,0,87,,19292,121,,,0,87,,19300,121,,,0,47,,19302,121,,,0,87,,19304,121,,,0,87,,19303,121,,,0,86,,19291,121,,,0,46,,19290,121,,,0,85,,19286,121,,,0,85,,19294,121,,,0,85,,19289,121,,,0,46,,19293,121,,,0,86,,19296,121,,,0,86,,19301,121,,,0,86,,19297,121,,,0
9400,'aebab1a8-3c1a-47f7-a9ad-73a4dd0b203e',943,,19314,121,,,0,84,,19313,121,,,0,85,,19307,121,,,0,45,,19305,121,,,0,86,,19315,121,,,0,86,,19306,121,,,0,86,,19312,121,,,0,86,,19308,121,,,0,46,,19310,121,,,0,87,,19309,121,,,0,87,,19311,121,,,0
9800,'3d6b7334-041d-4cdf-b33e-9fc06607d92b',705,,19377,75,,,0,44,,19376,75,,,0,84,,19381,75,,,0,84,,19368,75,,,0,84,,19380,75,,,0,44,,19371,75,,,0,84,,19384,75,,,0,84,,19374,75,,,0,44,,19385,75,,,0,84,,19386,75,,,0,84,,19383,75,,,0,84,,19367,75,,,0,48,,19373,75,,,0,88,,19372,75,,,0,88,,19370,75,,,0,88,,19382,75,,,0,84,,19369,75,,,0,44,,19379,75,,,0,84,,19375,75,,,0,84,,19378,75,,,0,84,,19366,75,,,0
9800,'55f98007-25ae-4999-903a-9517a72acc76',704,,19406,75,,,0,44,,19404,75,,,0,84,,19400,75,,,0,84,,19401,75,,,0,84,,19393,75,,,0,44,,19398,75,,,0,84,,19389,75,,,0,84,,19392,75,,,0,44,,19405,75,,,0,84,,19395,75,,,0,84,,19396,75,,,0,84,,19390,75,,,0,44,,19394,75,,,0,84,,19402,75,,,0,84,,19403,75,,,0,84,,19397,75,,,0,44,,19391,75,,,0,84,,19399,75,,,0,84,,19407,75,,,0,84,,19388,75,,,0,44,,19387,75,,,0
9800,'aebab1a8-3c1a-47f7-a9ad-73a4dd0b203e',1004,,19419,75,,,0,44,,19417,75,,,0,84,,19408,75,,,0,84,,19416,75,,,0,84,,19411,75,,,0,44,,19412,75,,,0,84,,19414,75,,,0,84,,19413,75,,,0,44,,19409,75,,,0,84,,19410,75,,,0,84,,19418,75,,,0,84,,19415,75,,,0
