9300,'595d987c-b6af-4553-91b7-dc23a0d7ec1c',647,,20788,65,,,0,89,,20779,65,,,0,89,,20778,65,,,0,89,,20791,65,,,0,89,,20781,65,,,0,49,,20775,65,,,0,94,,20776,65,,,0,94,,20780,65,,,0,94,,20789,65,,,0,94,,20786,65,,,0,94,,20790,65,,,0,94,,20782,65,,,0,89,,20783,65,,,0,49,,20785,65,,,0,89,,20777,65,,,0,89,,20792,65,,,0,87,,20787,65,,,0,87,,20784,65,,,0
9300,'d3716f81-b7c0-479c-ad60-6712cf7781f4',947,,20797,65,,,0,89,,20801,65,,,0,89,,20795,65,,,0,89,,20800,65,,,0,89,,20803,65,,,0,49,,20794,65,,,0,89,,20799,65,,,0,89,,20802,65,,,0,89,,20796,65,,,0,89,,20798,65,,,0,49,,20793,65,,,0
9300,'f394ee2a-c90c-4cfe-bbfc-c5340e68ee20',650,,20805,65,,,0,93,,20804,65,,,0,99,,20819,65,,,0,97,,20815,65,,,0,96,,20811,65,,,0,96,,20808,65,,,0,96,,20812,65,,,0,96,,20810,65,,,0,96,,20818,65,,,0,96,,20809,65,,,0,98,,20820,65,,,0,98,,20817,65,,,0,98,,20814,65,,,0,50,,20807,65,,,0,90,,20813,65,,,0,90,,20806,65,,,0,89,,20816,65,,,0
9400,'595d987c-b6af-4553-91b7-dc23a0d7ec1c',630,,20822,0,,,0,83,,20822,230,4,,0,1,,20832,0,,,0,44,,20832,230,4,,0,1,,20823,0,,,0,84,,20823,230,4,,0,1,,20833,0,,,0,84,,20833,230,4,,0,2,,20834,0,,,0,84,,20834,230,4,,0,1,,20824,0,,,0,85,,20824,230,4,,0,1,,20840,0,,,0,46,,20840,230,4,,0,1,,20838,0,,,0,86,,20838,230,4,,0,1,,20836,0,,,0,86,,20836,230,4,,0,1,,20821,0,,,0,86,,20821,230,4,,0,1,,20835,0,,,0,46,,20835,230,4,,0,1,,20828,0,,,0,85,,20828,230,4,,0,1,,20827,0,,,0,84,,20827,230,4,,0,1,,20830,0,,,0,84,,20830,230,4,,0,1,,20831,0,,,0,44,,20831,230,4,,0,1,,20829,0,,,0,85,,20829,230,4,,0,1,,20826,0,,,0,85,,20826,230,4,,0,1,,20839,0,,,0,85,,20839,230,4,,0,1,,20825,0,,,0,85,,20825,230,4,,0,1,,20837,0,,,0,45,,20837,230,4,,0
9400,'d3716f81-b7c0-479c-ad60-6712cf7781f4',930,,20850,0,,,0,83,,20850,230,4,,0,1,,20847,0,,,0,44,,20847,230,4,,0,1,,20848,0,,,0,84,,20848,230,4,,0,1,,20851,0,,,0,85,,20851,230,4,,0,1,,20846,0,,,0,85,,20846,230,4,,0,1,,20849,0,,,0,85,,20849,230,4,,0,1,,20844,0,,,0,45,,20844,230,4,,0,1,,20845,0,,,0,85,,20845,230,4,,0,1,,20842,0,,,0,86,,20842,230,4,,0,1,,20841,0,,,0,86,,20841,230,4,,0,1,,20843,0,,,0,46,,20843,230,4,,0
9400,'f394ee2a-c90c-4cfe-bbfc-c5340e68ee20',630,,20852,0,,,0,91,,20852,230,4,,0,1,,20866,0,,,0,90,,20866,230,4,,0,1,,20861,0,,,0,92,,20861,230,4,,0,1,,20859,0,,,0,47,,20859,230,4,,0,1,,20870,0,,,0,87,,20870,230,4,,0,1,,20856,0,,,0,87,,20856,230,4,,0,1,,20855,0,,,0,87,,20855,230,4,,0,1,,20853,0,,,0,87,,20853,230,4,,0,1,,20865,0,,,0,47,,20865,230,4,,0,1,,20867,0,,,0,87,,20867,230,4,,0,1,,20863,0,,,0,87,,20863,230,4,,0,1,,20862,0,,,0,87,,20862,230,4,,0,3,,20869,0,,,0,87,,20869,230,4,,0,1,,20857,0,,,0,47,,20857,230,4,,0,1,,20864,0,,,0,87,,20864,230,4,,0,1,,20868,0,,,0,85,,20868,230,4,,0,1,,20858,0,,,0,84,,20858,230,4,,0,1,,20860,0,,,0,44,,20860,230,4,,0,41,,20854,0,,,0,45,,20854,230,4,,0
9600,'595d987c-b6af-4553-91b7-dc23a0d7ec1c',630,,20876,0,,,0,81,,20876,156,4,,0,1,,20888,0,,,0,42,,20888,156,4,,0,1,,20886,0,,,0,82,,20886,156,4,,0,1,,20880,0,,,0,82,,20880,156,4,,0,1,,20890,0,,,0,82,,20890,156,4,,0,1,,20884,0,,,0,48,,20884,156,4,,0,1,,20885,0,,,0,88,,20885,156,4,,0,1,,20875,0,,,0,88,,20875,156,4,,0,1,,20887,0,,,0,88,,20887,156,4,,0,1,,20877,0,,,0,88,,20877,156,4,,0,1,,20883,0,,,0,47,,20883,156,4,,0,1,,20873,0,,,0,84,,20873,156,4,,0,1,,20878,0,,,0,82,,20878,156,4,,0,1,,20879,0,,,0,82,,20879,156,4,,0,1,,20881,0,,,0,42,,20881,156,4,,0,1,,20872,0,,,0,86,,20872,156,4,,0,1,,20871,0,,,0,86,,20871,156,4,,0,1,,20874,0,,,0,86,,20874,156,4,,0,1,,20889,0,,,0,46,,20889,156,4,,0,1,,20882,0,,,0,86,,20882,156,4,,0
9600,'d3716f81-b7c0-479c-ad60-6712cf7781f4',930,,20900,0,,,0,81,,20900,156,4,,0,1,,20893,0,,,0,42,,20893,156,4,,0,1,,20898,0,,,0,82,,20898,156,4,,0,1,,20896,0,,,0,87,,20896,156,4,,0,1,,20894,0,,,0,87,,20894,156,4,,0,1,,20901,0,,,0,87,,20901,156,4,,0,1,,20897,0,,,0,47,,20897,156,4,,0,1,,20899,0,,,0,87,,20899,156,4,,0,1,,20892,0,,,0,89,,20892,156,4,,0,1,,20895,0,,,0,89,,20895,156,4,,0,1,,20891,0,,,0,89,,20891,156,4,,0
9600,'f394ee2a-c90c-4cfe-bbfc-c5340e68ee20',630,,20916,0,,,0,82,,20916,156,4,,0,1,,20915,0,,,0,90,,20915,156,4,,0,1,,20905,0,,,0,50,,20905,156,4,,0,1,,20918,0,,,0,90,,20918,156,4,,0,1,,20912,0,,,0,90,,20912,156,4,,0,1,,20902,0,,,0,90,,20902,156,4,,0,1,,20913,0,,,0,90,,20913,156,4,,0,1,,20903,0,,,0,90,,20903,156,4,,0,1,,20909,0,,,0,90,,20909,156,4,,0,1,,20910,0,,,0,50,,20910,156,4,,0,1,,20911,0,,,0,90,,20911,156,4,,0,1,,20919,0,,,0,90,,20919,156,4,,0,1,,20914,0,,,0,91,,20914,156,4,,0,1,,20920,0,,,0,89,,20920,156,4,,0,1,,20906,0,,,0,43,,20906,156,4,,0,41,,20917,0,,,0,42,,20917,156,4,,0,1,,20908,0,,,0,82,,20908,156,4,,0,1,,20904,0,,,0,86,,20904,156,4,,0,1,,20907,0,,,0,46,,20907,156,4,,0
9800,'595d987c-b6af-4553-91b7-dc23a0d7ec1c',647,,20938,0,,,0,66,,20938,102,4,,0,18,,20923,0,,,0,26,,20923,102,4,,0,58,,20934,0,,,0,26,,20934,102,4,,0,18,,20922,0,,,0,66,,20922,102,4,,0,18,,20929,0,,,0,66,,20929,102,4,,0,18,,20936,0,,,0,26,,20936,102,4,,0,58,,20933,0,,,0,26,,20933,102,4,,0,18,,20926,0,,,0,66,,20926,102,4,,0,18,,20932,0,,,0,66,,20932,102,4,,0,18,,20941,0,,,0,26,,20941,102,4,,0,58,,20937,0,,,0,26,,20937,102,4,,0,18,,20930,0,,,0,66,,20930,102,4,,0,18,,20931,0,,,0,66,,20931,102,4,,0,18,,20925,0,,,0,26,,20925,102,4,,0,58,,20935,0,,,0,26,,20935,102,4,,0,18,,20924,0,,,0,66,,20924,102,4,,0,18,,20940,0,,,0,26,,20940,102,4,,0,58,,20921,0,,,0,26,,20921,102,4,,0,18,,20939,0,,,0,66,,20939,102,4,,0,18,,20927,0,,,0,66,,20927,102,4,,0,18,,20928,0,,,0,26,,20928,102,4,,0
9800,'d3716f81-b7c0-479c-ad60-6712cf7781f4',947,,20944,0,,,0,66,,20944,102,4,,0,18,,20945,0,,,0,26,,20945,102,4,,0,58,,20950,0,,,0,26,,20950,102,4,,0,18,,20947,0,,,0,66,,20947,102,4,,0,18,,20948,0,,,0,66,,20948,102,4,,0,18,,20951,0,,,0,26,,20951,102,4,,0,58,,20952,0,,,0,26,,20952,102,4,,0,18,,20953,0,,,0,66,,20953,102,4,,0,18,,20946,0,,,0,66,,20946,102,4,,0,18,,20942,0,,,0,26,,20942,102,4,,0,58,,20943,0,,,0,26,,20943,102,4,,0,18,,20949,0,,,0,66,,20949,102,4,,0
9800,'f394ee2a-c90c-4cfe-bbfc-c5340e68ee20',647,,20972,0,,,0,67,,20972,102,4,,0,18,,20959,0,,,0,26,,20959,102,4,,0,58,,20961,0,,,0,26,,20961,102,4,,0,58,,20962,0,,,0,26,,20962,102,4,,0,18,,20971,0,,,0,66,,20971,102,4,,0,18,,20970,0,,,0,26,,20970,102,4,,0,58,,20973,0,,,0,26,,20973,102,4,,0,18,,20963,0,,,0,66,,20963,102,4,,0,18,,20968,0,,,0,66,,20968,102,4,,0,18,,20954,0,,,0,26,,20954,102,4,,0,58,,20957,0,,,0,26,,20957,102,4,,0,18,,20958,0,,,0,66,,20958,102,4,,0,21,,20969,0,,,0,67,,20969,102,4,,0,21,,20964,0,,,0,27,,20964,102,4,,0,61,,20967,0,,,0,27,,20967,102,4,,0,61,,20966,0,,,0,27,,20966,102,4,,0,18,,20965,0,,,0,66,,20965,102,4,,0,18,,20974,0,,,0,26,,20974,102,4,,0,58,,20960,0,,,0,26,,20960,102,4,,0,58,,20956,0,,,0,26,,20956,102,4,,0,18,,20955,0,,,0,66,,20955,102,4,,0
9801,'595d987c-b6af-4553-91b7-dc23a0d7ec1c',630,,20982,0,,,0,16,,20982,62,4,,0,68,,20979,0,,,0,16,,20979,62,4,,0,28,,20990,0,,,0,56,,20990,62,4,,0,28,,20986,0,,,0,16,,20986,62,4,,0,68,,20977,0,,,0,16,,20977,62,4,,0,68,,20989,0,,,0,16,,20989,62,4,,0,28,,20994,0,,,0,56,,20994,62,4,,0,28,,20992,0,,,0,16,,20992,62,4,,0,68,,20976,0,,,0,16,,20976,62,4,,0,68,,20978,0,,,0,16,,20978,62,4,,0,28,,20985,0,,,0,56,,20985,62,4,,0,28,,20987,0,,,0,16,,20987,62,4,,0,68,,20975,0,,,0,16,,20975,62,4,,0,68,,20988,0,,,0,16,,20988,62,4,,0,28,,20995,0,,,0,56,,20995,62,4,,0,28,,20983,0,,,0,16,,20983,62,4,,0,68,,20984,0,,,0,16,,20984,62,4,,0,28,,20980,0,,,0,56,,20980,62,4,,0,28,,20991,0,,,0,16,,20991,62,4,,0,68,,20981,0,,,0,16,,20981,62,4,,0,68,,20993,0,,,0,16,,20993,62,4,,0
9801,'d3716f81-b7c0-479c-ad60-6712cf7781f4',930,,20997,0,,,0,16,,20997,62,4,,0,68,,20998,0,,,0,16,,20998,62,4,,0,28,,21002,0,,,0,56,,21002,62,4,,0,28,,21005,0,,,0,16,,21005,62,4,,0,68,,21001,0,,,0,16,,21001,62,4,,0,68,,20996,0,,,0,16,,20996,62,4,,0,28,,20999,0,,,0,56,,20999,62,4,,0,28,,21000,0,,,0,16,,21000,62,4,,0,68,,21003,0,,,0,16,,21003,62,4,,0,68,,21006,0,,,0,16,,21006,62,4,,0,28,,21007,0,,,0,56,,21007,62,4,,0,28,,21004,0,,,0,16,,21004,62,4,,0
9801,'f394ee2a-c90c-4cfe-bbfc-c5340e68ee20',630,,21020,0,,,0,16,,21020,62,4,,0,69,,21010,0,,,0,16,,21010,62,4,,0,28,,21024,0,,,0,56,,21024,62,4,,0,28,,21026,0,,,0,16,,21026,62,4,,0,68,,21014,0,,,0,16,,21014,62,4,,0,68,,21027,0,,,0,16,,21027,62,4,,0,28,,21011,0,,,0,56,,21011,62,4,,0,28,,21023,0,,,0,16,,21023,62,4,,0,68,,21009,0,,,0,16,,21009,62,4,,0,68,,21008,0,,,0,16,,21008,62,4,,0,28,,21021,0,,,0,56,,21021,62,4,,0,28,,21015,0,,,0,16,,21015,62,4,,0,68,,21017,0,,,0,19,,21017,62,4,,0,69,,21025,0,,,0,19,,21025,62,4,,0,29,,21016,0,,,0,59,,21016,62,4,,0,29,,21028,0,,,0,59,,21028,62,4,,0,29,,21022,0,,,0,16,,21022,62,4,,0,68,,21019,0,,,0,16,,21019,62,4,,0,28,,21018,0,,,0,56,,21018,62,4,,0,28,,21013,0,,,0,16,,21013,62,4,,0,68,,21012,0,,,0,16,,21012,62,4,,0
1009400,'595d987c-b6af-4553-91b7-dc23a0d7ec1c',652,,21029,99,,,0,83,,21035,99,,,0,83,,21039,99,,,0,83,,21048,99,,,0,43,,21038,99,,,0,84,,21032,99,,,0,85,,21041,99,,,0,45,,21031,99,,,0,85,,21036,99,,,0,85,,21047,99,,,0,85,,21037,99,,,0,44,,21046,99,,,0,83,,21030,99,,,0,83,,21033,99,,,0,83,,21034,99,,,0,43,,21040,99,,,0,83,,21043,99,,,0,83,,21045,99,,,0,43,,21042,99,,,0,83,,21044,99,,,0,83,,21049,99,,,0
1009400,'d3716f81-b7c0-479c-ad60-6712cf7781f4',952,,21054,99,,,0,83,,21061,99,,,0,83,,21050,99,,,0,84,,21055,99,,,0,44,,21060,99,,,0,84,,21059,99,,,0,84,,21058,99,,,0,44,,21056,99,,,0,84,,21052,99,,,0,84,,21051,99,,,0,84,,21057,99,,,0,44,,21053,99,,,0
1009400,'f394ee2a-c90c-4cfe-bbfc-c5340e68ee20',652,,21064,99,,,0,86,,21076,99,,,0,87,,21065,99,,,0,88,,21075,99,,,0,87,,21073,99,,,0,45,,21067,99,,,0,85,,21062,99,,,0,85,,21079,99,,,0,85,,21077,99,,,0,45,,21063,99,,,0,85,,21066,99,,,0,85,,21082,99,,,0,85,,21070,99,,,0,45,,21080,99,,,0,86,,21081,99,,,0,84,,21071,99,,,0,44,,21068,99,,,0,83,,21072,99,,,0,83,,21078,99,,,0,83,,21074,99,,,0,43,,21069,99,,,0
1009600,'595d987c-b6af-4553-91b7-dc23a0d7ec1c',652,,21088,133,,,0,81,,21096,133,,,0,82,,21100,133,,,0,42,,21092,133,,,0,82,,21095,133,,,0,84,,21102,133,,,0,84,,21101,133,,,0,44,,21099,133,,,0,84,,21090,133,,,0,84,,21086,133,,,0,84,,21098,133,,,0,42,,21089,133,,,0,82,,21093,133,,,0,82,,21084,133,,,0,42,,21091,133,,,0,82,,21083,133,,,0,80,,21085,133,,,0,40,,21087,133,,,0,80,,21097,133,,,0,80,,21094,133,,,0,40,,21103,133,,,0,79,,21104,133,,,0
1009600,'d3716f81-b7c0-479c-ad60-6712cf7781f4',952,,21110,133,,,0,81,,21112,133,,,0,82,,21105,133,,,0,43,,21111,133,,,0,84,,21117,133,,,0,84,,21115,133,,,0,84,,21114,133,,,0,44,,21106,133,,,0,83,,21108,133,,,0,80,,21116,133,,,0,40,,21107,133,,,0,80,,21109,133,,,0,80,,21113,133,,,0
1009600,'f394ee2a-c90c-4cfe-bbfc-c5340e68ee20',655,,21138,133,,,0,85,,21128,133,,,0,85,,21127,133,,,0,85,,21130,133,,,0,42,,21124,133,,,0,82,,21125,133,,,0,82,,21134,133,,,0,43,,21119,133,,,0,83,,21137,133,,,0,83,,21121,133,,,0,83,,21122,133,,,0,43,,21131,133,,,0,83,,21129,133,,,0,84,,21126,133,,,0,86,,21118,133,,,0,44,,21133,133,,,0,84,,21135,133,,,0,82,,21123,133,,,0,42,,21132,133,,,0,82,,21136,133,,,0,80,,21120,133,,,0
