5103,'29bb4b7a-5d7b-4f78-bccd-adce0636a676',1027,,18194,43,0,6 1 7,0,75,,18186,43,0,6 1 7,0,35,,18189,43,0,6 1 7,0,75,,18185,43,0,6 1 7,0,35,,18190,43,0,6 1 7,0,75,,18196,43,0,6 1 7,0,35,,18191,43,0,6 1 7,0,75,,18188,43,0,6 1 7,0,75,,18192,43,0,6 1 7,0,35,,18197,43,0,6 1 7,0,75,,18183,43,0,6 1 7,0,35,,18187,43,0,6 1 7,0,75,,18184,43,0,6 1 7,0,75,,18182,43,0,6 1 7,0,35,,18193,43,0,6 1 7,0
5103,'3d6b7334-041d-4cdf-b33e-9fc06607d92b',547,,18244,43,0,6 1 7,0,53,,18262,43,0,6 1 7,0,13,,18237,43,0,6 1 7,0,12,,18207,43,0,6 1 7,0,14,,18212,43,0,6 1 7,0,15,,18224,43,0,6 1 7,0,55,,18216,43,0,6 1 7,0,15,,18243,43,0,6 1 7,0,15,,18238,43,0,6 1 7,0,18,,18260,43,0,6 1 7,0,55,,18215,43,0,6 1 7,0,13,,18252,43,0,6 1 7,0,14,,18250,43,0,6 1 7,0,16,,18205,43,0,6 1 7,0,57,,18228,43,0,6 1 7,0,17,,18267,43,0,6 1 7,0,17,,18232,43,0,6 1 7,0,56,,18200,43,0,6 1 7,0,13,,18254,43,0,6 1 7,0,15,,18219,43,0,6 1 7,0,15,,18202,43,0,6 1 7,0,56,,18229,43,0,6 1 7,0,18,,18259,43,0,6 1 7,0,18,,18233,43,0,6 1 7,0,14,,18253,43,0,6 1 7,0,53,,18246,43,0,6 1 7,0,16,,18251,43,0,6 1 7,0,15,,18255,43,0,6 1 7,0,16,,18201,43,0,6 1 7,0,56,,18256,43,0,6 1 7,0,13,,18270,43,0,6 1 7,0,14,,18242,43,0,6 1 7,0,17,,18258,43,0,6 1 7,0,54,,18214,43,0,6 1 7,0,14,,18227,43,0,6 1 7,0,14,,18220,43,0,6 1 7,0,14,,18210,43,4,,0,55,,18226,43,0,6 1 7,0,15,,18273,43,0,6 1 7,0,16,,18268,43,0,6 1 7,0,15,,18272,43,0,6 1 7,0,55,,18209,43,0,6 1 7,0,14,,18222,43,0,6 1 7,0,14,,18211,43,0,6 1 7,0,14,,18231,43,0,6 1 7,0,55,,18213,43,0,6 1 7,0,14,,18225,43,0,6 1 7,0,16,,18261,43,0,6 1 7,0,15,,18271,43,0,6 1 7,0,55,,18236,43,0,6 1 7,0,14,,18248,43,0,6 1 7,0,14,,18199,43,0,6 1 7,0,12,,18230,43,0,6 1 7,0,15,,18204,43,0,6 1 7,0,52,,18208,43,0,6 1 7,0,15,,18265,43,0,6 1 7,0,14,,18266,43,0,6 1 7,0,14,,18239,43,0,6 1 7,0,54,,18269,43,0,6 1 7,0,14,,18249,43,0,6 1 7,0,14,,18218,43,0,6 1 7,0,15,,18217,43,0,6 1 7,0,56,,18241,43,0,6 1 7,0,17,,18264,43,0,6 1 7,0,15,,18198,43,0,6 1 7,0,14,,18245,43,0,6 1 7,0,54,,18235,43,0,6 1 7,0,14,,18257,43,0,6 1 7,0,10,,18223,43,0,6 1 7,0,16,,18263,43,0,6 1 7,0,57,,18247,43,0,6 1 7,0,24,,18206,43,0,6 1 7,0
5103,'55f98007-25ae-4999-903a-9517a72acc76',601,,18305,43,0,6 1 7,0,15,,18274,43,0,6 1 7,0,12,,18311,43,0,6 1 7,0,15,,18296,43,0,6 1 7,0,15,,18341,43,0,6 1 7,0,55,,18287,43,0,6 1 7,0,15,,18338,43,0,6 1 7,0,15,,18300,43,0,6 1 7,0,15,,18290,43,0,6 1 7,0,58,,18286,43,0,6 1 7,0,18,,18339,43,0,6 1 7,0,18,,18280,43,0,6 1 7,0,56,,18316,43,0,6 1 7,0,15,,18293,43,0,6 1 7,0,15,,18302,43,0,6 1 7,0,18,,18285,43,0,6 1 7,0,58,,18318,43,0,6 1 7,0,17,,18317,43,0,6 1 7,0,16,,18326,43,0,6 1 7,0,56,,18312,43,0,6 1 7,0,12,,18329,43,0,6 1 7,0,12,,18313,43,0,6 1 7,0,12,,18291,43,0,6 1 7,0,63,,18337,43,0,6 1 7,0,19,,18301,43,0,6 1 7,0,19,,18295,43,0,6 1 7,0,16,,18283,43,0,6 1 7,0,56,,18288,43,0,6 1 7,0,16,,18303,43,0,6 1 7,0,15,,18334,43,0,6 1 7,0,16,,18327,43,0,6 1 7,0,56,,18333,43,0,6 1 7,0,18,,18297,43,4,,0,16,,18304,43,0,6 1 7,0,57,,18298,43,0,6 1 7,0,16,,18284,43,0,6 1 7,0,18,,18322,43,0,6 1 7,0,16,,18340,43,0,6 1 7,0,56,,18319,43,0,6 1 7,0,20,,18281,43,0,6 1 7,0,15,,18276,43,0,6 1 7,0,56,,18307,43,0,6 1 7,0,16,,18299,43,0,6 1 7,0,15,,18343,43,0,6 1 7,0,17,,18275,43,0,6 1 7,0,57,,18292,43,0,6 1 7,0,18,,18342,43,0,6 1 7,0,18,,18306,43,0,6 1 7,0,56,,18309,43,0,6 1 7,0,10,,18282,43,0,6 1 7,0,12,,18323,43,0,6 1 7,0,17,,18279,43,0,6 1 7,0,17,,18335,43,0,6 1 7,0,58,,18336,43,0,6 1 7,0,18,,18278,43,0,6 1 7,0,16,,18314,43,0,6 1 7,0,55,,18310,43,0,6 1 7,0,16,,18331,43,0,6 1 7,0,17,,18320,43,0,6 1 7,0,17,,18324,43,0,6 1 7,0,58,,18308,43,0,6 1 7,0,16,,18289,43,0,6 1 7,0,14,,18315,43,0,6 1 7,0,16,,18330,43,0,6 1 7,0,56,,18277,43,0,6 1 7,0
5103,'aebab1a8-3c1a-47f7-a9ad-73a4dd0b203e',918,,18351,43,0,6 1 7,0,12,,18363,43,0,6 1 7,0,24,,18356,43,0,6 1 7,0,60,,18370,43,0,6 1 7,0,18,,18364,43,0,6 1 7,0,18,,18367,43,0,6 1 7,0,58,,18373,43,0,6 1 7,0,18,,18361,43,0,6 1 7,0,17,,18369,43,0,6 1 7,0,58,,18345,43,0,6 1 7,0,18,,18366,43,0,6 1 7,0,18,,18347,43,0,6 1 7,0,18,,18374,43,0,6 1 7,0,58,,18368,43,0,6 1 7,0,21,,18354,43,0,6 1 7,0,18,,18355,43,0,6 1 7,0,58,,18362,43,0,6 1 7,0,18,,18360,43,0,6 1 7,0,18,,18375,43,0,6 1 7,0,58,,18348,43,0,6 1 7,0,20,,18349,43,0,6 1 7,0,20,,18346,43,0,6 1 7,0,59,,18365,43,0,6 1 7,0,18,,18359,43,0,6 1 7,0,18,,18372,43,0,6 1 7,0,18,,18358,43,0,6 1 7,0,58,,18352,43,0,6 1 7,0,16,,18371,43,0,6 1 7,0,20,,18350,43,0,6 1 7,0,58,,18353,43,0,6 1 7,0,16,,18357,43,0,6 1 7,0
6000,'29bb4b7a-5d7b-4f78-bccd-adce0636a676',1000,,18571,0,,,0,35,,18571,165,4,,0,75,,18582,0,,,0,35,,18582,165,4,,0,75,,18573,165,4,,0,35,,18570,165,4,,0,75,,18584,0,,,0,75,,18584,165,4,,0,35,,18578,165,4,,0,75,,18577,0,,,0,35,,18577,165,4,,0,75,,18574,0,,,0,75,,18576,0,,,0,35,,18576,165,4,,0,75,,18581,165,4,,0,35,,18575,0,,,0
6000,'3d6b7334-041d-4cdf-b33e-9fc06607d92b',625,,18606,0,,,0,75,,18606,165,4,,0,35,,18588,165,4,,0,80,,18586,0,,,0,40,,18609,0,,,0,80,,18591,0,,,0,80,,18591,165,4,,0,40,,18596,0,,,0,80,,18596,165,4,,0,80,,18602,165,4,,0,40,,18590,0,,,0,80,,18590,165,4,,0,80,,18598,0,,,0,40,,18594,165,4,,0,80,,18592,0,,,0,80,,18593,0,,,0,40,,18593,165,4,,0,80,,18600,0,,,0,80,,18600,165,4,,0,40,,18601,0,,,0,75,,18601,165,4,,0,75,,18605,165,4,,0,35,,18587,0,,,0,75,,18587,165,4,,0,35,,18597,0,,,0
6000,'55f98007-25ae-4999-903a-9517a72acc76',625,,18626,0,,,0,75,,18612,0,,,0,35,,18624,0,,,0,80,,18624,165,4,,0,40,,18620,165,4,,0,80,,18629,0,,,0,80,,18629,165,4,,0,40,,18625,0,,,0,80,,18625,165,4,,0,80,,18621,165,4,,0,40,,18634,0,,,0,80,,18630,0,,,0,80,,18628,0,,,0,40,,18636,165,4,,0,80,,18637,165,4,,0,80,,18618,0,,,0,40,,18622,0,,,0,80,,18633,0,,,0,80,,18616,0,,,0,40,,18616,165,4,,0,75,,18617,165,4,,0,75,,18615,165,4,,0,35,,18632,0,,,0,75,,18632,165,4,,0,35,,18623,0,,,0
6000,'aebab1a8-3c1a-47f7-a9ad-73a4dd0b203e',920,,18648,0,,,0,35,,18648,165,4,,0,75,,18650,0,,,0,75,,18650,165,4,,0,35,,18646,0,,,0,75,,18646,165,4,,0,35,,18642,165,4,,0,75,,18652,165,4,,0,75,,18644,0,,,0,35,,18641,0,,,0,75,,18641,165,4,,0,35,,18647,0,,,0,75,,18647,165,4,,0,35,,18649,0,,,0,75,,18645,0,,,0
6400,'29bb4b7a-5d7b-4f78-bccd-adce0636a676',1000,,18906,0,,,0,35,,18906,112,4,,0,75,,18899,112,4,,0,35,,18905,112,4,,0,75,,18901,112,4,,0,35,,18908,112,4,,0,75,,18897,0,,,0,75,,18902,0,,,0,35,,18902,112,4,,0,75,,18900,0,,,0,35,,18900,112,4,,0,75,,18903,112,4,,0,75,,18895,112,4,,0,35,,18898,0,,,0,75,,18898,112,4,,0,35,,18893,0,,,0,75,,18893,112,4,,0
6400,'3d6b7334-041d-4cdf-b33e-9fc06607d92b',620,,18945,0,,,0,35,,18909,0,,,0,58,,18931,0,,,0,17,,18909,112,4,,0,1,,18926,0,,,0,17,,18931,112,4,,0,1,,18937,0,,,0,57,,18926,112,4,,0,1,,18923,0,,,0,17,,18937,112,4,,0,1,,18919,0,,,0,17,,18923,112,4,,0,1,,18939,0,,,0,57,,18919,112,4,,0,1,,18933,0,,,0,17,,18939,112,4,,0,1,,18914,0,,,0,17,,18933,112,4,,0,1,,18925,0,,,0,17,,18914,112,4,,0,1,,18917,0,,,0,57,,18925,112,4,,0,18,,18917,112,4,,0,75,,18942,112,4,,0,35,,18936,0,,,0,75,,18936,112,4,,0,35,,18941,112,4,,0,75,,18935,0,,,0,75,,18938,0,,,0,35,,18938,112,4,,0,18,,18940,0,,,0,57,,18910,112,4,,0,1,,18912,0,,,0,17,,18940,112,4,,0,1,,18944,0,,,0,17,,18912,112,4,,0,1,,18929,0,,,0,57,,18944,112,4,,0,1,,18924,0,,,0,17,,18929,112,4,,0,1,,18921,0,,,0,17,,18924,112,4,,0,1,,18922,0,,,0,17,,18921,112,4,,0,1,,18928,0,,,0,57,,18922,112,4,,0,1,,18930,0,,,0,17,,18928,112,4,,0,1,,18913,0,,,0,17,,18930,112,4,,0,58,,18915,0,,,0,35,,18915,112,4,,0,75,,18920,112,4,,0,35,,18918,0,,,0,75,,18911,0,,,0,70,,18934,0,,,0,30,,18934,112,4,,0,70,,18943,112,4,,0,30,,18927,112,4,,0
6400,'55f98007-25ae-4999-903a-9517a72acc76',620,,18968,0,,,0,35,,18968,112,4,,0,75,,18967,112,4,,0,80,,18957,0,,,0,40,,18966,0,,,0,80,,18966,112,4,,0,75,,18956,112,4,,0,35,,18953,112,4,,0,75,,18954,0,,,0,35,,18964,0,,,0,75,,18948,0,,,0,75,,18948,112,4,,0,35,,18959,0,,,0,75,,18959,112,4,,0,35,,18949,0,,,0,75,,18949,112,4,,0,35,,18951,112,4,,0,80,,18962,0,,,0,80,,18962,112,4,,0,40,,18947,112,4,,0,80,,18971,112,4,,0,75,,18952,0,,,0,35,,18952,112,4,,0,75,,18969,0,,,0,35,,18969,112,4,,0,75,,18972,0,,,0,75,,18960,0,,,0,30,,18960,112,4,,0
6400,'aebab1a8-3c1a-47f7-a9ad-73a4dd0b203e',930,,18981,0,,,0,75,,18987,0,,,0,35,,18987,112,4,,0,75,,18975,0,,,0,35,,18975,112,4,,0,75,,18988,0,,,0,75,,18988,112,4,,0,35,,18976,112,4,,0,75,,18989,0,,,0,35,,18989,112,4,,0,75,,18984,0,,,0,35,,18984,112,4,,0,75,,18980,0,,,0,75,,18974,0,,,0,35,,18974,112,4,,0,75,,18986,0,,,0
