5000,'29bb4b7a-5d7b-4f78-bccd-adce0636a676',1023,,18092,162,,,0,35,,18099,162,,,0,75,,18083,162,,,0,75,,18090,162,,,0,35,,18084,162,,,0,75,,18091,162,,,0,35,,18087,162,,,0,75,,18097,162,,,0,75,,18096,162,,,0,35,,18085,162,,,0,75,,18098,162,,,0,35,,18089,162,,,0,75,,18086,162,,,0,35,,18093,162,,,0,75,,18088,134,,,0,75,,18094,134,,,0
5000,'3d6b7334-041d-4cdf-b33e-9fc06607d92b',642,,18109,162,,,0,64,,18116,162,,,0,24,,18101,162,,,0,26,,18127,162,,,0,66,,18120,162,,,0,26,,18103,162,,,0,66,,18118,162,,,0,26,,18106,162,,,0,66,,18129,162,,,0,26,,18126,129,,,0,26,,18108,162,,,0,68,,18110,162,,,0,85,,18113,162,,,0,34,,18100,162,,,0,85,,18128,162,,,0,74,,18111,162,,,0,29,,18104,162,,,0,25,,18131,162,,,0,69,,18130,162,,,0,28,,18134,162,,,0,71,,18117,162,,,0,26,,18133,162,,,0,74,,18125,162,,,0,31,,18119,162,,,0,67,,18107,162,,,0,31,,18102,162,,,0,64,,18112,162,,,0,23,,18135,162,,,0,66,,18105,134,,,0,27,,18132,162,,,0,23,,18123,162,,,0,90,,18121,162,,,0,63,,18122,134,,,0,90,,18114,134,,,0
5000,'55f98007-25ae-4999-903a-9517a72acc76',728,,18157,162,,,0,75,,18143,162,,,0,35,,18138,162,,,0,75,,18158,162,,,0,35,,18154,162,,,0,75,,18162,162,,,0,35,,18147,162,,,0,75,,18150,162,,,0,80,,18153,162,,,0,37,,18149,162,,,0,80,,18141,162,,,0,77,,18159,162,,,0,40,,18137,162,,,0,77,,18160,162,,,0,80,,18155,162,,,0,37,,18148,162,,,0,80,,18136,162,,,0,37,,18156,162,,,0,73,,18151,162,,,0,77,,18152,162,,,0,35,,18140,162,,,0,75,,18161,162,,,0,35,,18144,162,,,0,75,,18142,134,,,0,75,,18139,134,,,0
5000,'aebab1a8-3c1a-47f7-a9ad-73a4dd0b203e',948,,18165,162,,,0,75,,18181,162,,,0,36,,18171,162,,,0,75,,18164,162,,,0,75,,18170,162,,,0,34,,18179,162,,,0,76,,18177,162,,,0,34,,18166,162,,,0,76,,18178,162,,,0,74,,18168,162,,,0,36,,18173,162,,,0,74,,18175,162,,,0,36,,18180,162,,,0,74,,18169,162,,,0,36,,18176,134,,,0
5103,'29bb4b7a-5d7b-4f78-bccd-adce0636a676',1021,,18195,142,0,6 1 7,0,35,,18194,142,0,6 1 7,0,75,,18186,142,0,6 1 7,0,75,,18189,142,0,6 1 7,0,35,,18185,142,0,6 1 7,0,75,,18190,142,0,6 1 7,0,35,,18196,142,0,6 1 7,0,75,,18191,142,0,6 1 7,0,75,,18188,142,0,6 1 7,0,35,,18192,142,0,6 1 7,0,75,,18197,142,0,6 1 7,0,35,,18183,142,0,6 1 7,0,75,,18187,142,0,6 1 7,0,35,,18184,142,0,6 1 7,0,75,,18182,142,0,6 1 7,0
5103,'3d6b7334-041d-4cdf-b33e-9fc06607d92b',555,,18240,142,0,6 1 7,0,53,,18244,142,0,6 1 7,0,13,,18262,142,0,6 1 7,0,14,,18237,142,0,6 1 7,0,14,,18207,142,0,6 1 7,0,59,,18212,142,0,6 1 7,0,13,,18224,142,0,6 1 7,0,16,,18216,142,0,6 1 7,0,16,,18243,142,0,6 1 7,0,55,,18238,142,0,6 1 7,0,18,,18260,142,0,6 1 7,0,15,,18215,142,0,6 1 7,0,13,,18252,142,0,6 1 7,0,54,,18250,142,0,6 1 7,0,17,,18205,142,0,6 1 7,0,17,,18228,142,0,6 1 7,0,17,,18267,142,0,6 1 7,0,57,,18232,142,0,6 1 7,0,16,,18200,142,0,6 1 7,0,13,,18254,142,0,6 1 7,0,55,,18219,142,0,6 1 7,0,15,,18202,142,0,6 1 7,0,16,,18229,142,0,6 1 7,0,16,,18234,142,0,6 1 7,0,53,,18259,142,0,6 1 7,0,13,,18233,142,0,6 1 7,0,12,,18253,142,0,6 1 7,0,12,,18246,142,0,6 1 7,0,16,,18251,142,0,6 1 7,0,55,,18255,142,0,6 1 7,0,16,,18201,142,0,6 1 7,0,16,,18256,142,0,6 1 7,0,12,,18221,142,0,6 1 7,0,52,,18242,142,0,6 1 7,0,20,,18258,142,0,6 1 7,0,14,,18214,142,0,6 1 7,0,14,,18227,142,0,6 1 7,0,54,,18220,142,0,6 1 7,0,14,,18203,142,0,6 1 7,0,15,,18226,142,0,6 1 7,0,15,,18273,142,0,6 1 7,0,56,,18268,142,0,6 1 7,0,15,,18272,142,0,6 1 7,0,15,,18209,142,0,6 1 7,0,14,,18222,142,0,6 1 7,0,54,,18211,142,0,6 1 7,0,14,,18231,142,0,6 1 7,0,15,,18213,142,0,6 1 7,0,14,,18225,142,0,6 1 7,0,56,,18261,142,0,6 1 7,0,15,,18271,142,0,6 1 7,0,15,,18236,142,0,6 1 7,0,14,,18248,142,0,6 1 7,0,54,,18199,142,0,6 1 7,0,12,,18230,142,0,6 1 7,0,23,,18208,142,0,6 1 7,0,15,,18265,142,0,6 1 7,0,58,,18266,142,0,6 1 7,0,14,,18239,142,0,6 1 7,0,14,,18269,142,0,6 1 7,0,14,,18249,142,0,6 1 7,0,54,,18218,142,0,6 1 7,0,11,,18217,142,0,6 1 7,0,16,,18241,142,0,6 1 7,0,17,,18264,142,0,6 1 7,0,55,,18198,142,0,6 1 7,0,14,,18245,142,0,6 1 7,0,14,,18235,142,0,6 1 7,0,14,,18257,142,0,6 1 7,0,10,,18223,142,0,6 1 7,0,55,,18263,142,0,6 1 7,0,15,,18247,142,0,6 1 7,0
5103,'55f98007-25ae-4999-903a-9517a72acc76',612,,18325,142,0,6 1 7,0,15,,18305,142,0,6 1 7,0,15,,18274,142,0,6 1 7,0,12,,18311,142,0,6 1 7,0,55,,18296,142,0,6 1 7,0,16,,18341,142,0,6 1 7,0,15,,18287,142,0,6 1 7,0,15,,18338,142,0,6 1 7,0,55,,18300,142,0,6 1 7,0,15,,18290,142,0,6 1 7,0,18,,18286,142,0,6 1 7,0,58,,18339,142,0,6 1 7,0,18,,18280,142,0,6 1 7,0,16,,18316,142,0,6 1 7,0,15,,18293,142,0,6 1 7,0,55,,18302,142,0,6 1 7,0,21,,18285,142,0,6 1 7,0,18,,18318,142,0,6 1 7,0,57,,18317,142,0,6 1 7,0,16,,18326,142,0,6 1 7,0,16,,18312,142,0,6 1 7,0,12,,18329,142,0,6 1 7,0,12,,18313,142,0,6 1 7,0,52,,18291,142,0,6 1 7,0,23,,18337,142,0,6 1 7,0,19,,18301,142,0,6 1 7,0,59,,18295,142,0,6 1 7,0,16,,18283,142,0,6 1 7,0,16,,18288,142,0,6 1 7,0,16,,18303,142,0,6 1 7,0,58,,18294,142,0,6 1 7,0,16,,18321,142,0,6 1 7,0,16,,18328,142,0,6 1 7,0,58,,18332,142,0,6 1 7,0,16,,18304,142,0,6 1 7,0,17,,18298,142,0,6 1 7,0,16,,18284,142,0,6 1 7,0,58,,18322,142,0,6 1 7,0,16,,18340,142,0,6 1 7,0,16,,18319,142,0,6 1 7,0,60,,18281,142,0,6 1 7,0,15,,18276,142,0,6 1 7,0,16,,18307,142,0,6 1 7,0,16,,18299,142,0,6 1 7,0,55,,18343,142,0,6 1 7,0,17,,18275,142,0,6 1 7,0,17,,18292,142,0,6 1 7,0,18,,18342,142,0,6 1 7,0,58,,18306,142,0,6 1 7,0,16,,18309,142,0,6 1 7,0,16,,18323,142,0,6 1 7,0,57,,18279,142,0,6 1 7,0,17,,18335,142,0,6 1 7,0,18,,18336,142,0,6 1 7,0,18,,18278,142,0,6 1 7,0,56,,18314,142,0,6 1 7,0,15,,18310,142,0,6 1 7,0,16,,18331,142,0,6 1 7,0,57,,18320,142,0,6 1 7,0,17,,18324,142,0,6 1 7,0,18,,18308,142,0,6 1 7,0,16,,18289,142,0,6 1 7,0,56,,18315,142,0,6 1 7,0,13,,18330,142,0,6 1 7,0,14,,18277,142,0,6 1 7,0
5103,'aebab1a8-3c1a-47f7-a9ad-73a4dd0b203e',924,,18344,142,0,6 1 7,0,20,,18351,142,0,6 1 7,0,12,,18363,142,0,6 1 7,0,67,,18356,142,0,6 1 7,0,20,,18370,142,0,6 1 7,0,58,,18364,142,0,6 1 7,0,18,,18367,142,0,6 1 7,0,18,,18373,142,0,6 1 7,0,18,,18361,142,0,6 1 7,0,60,,18369,142,0,6 1 7,0,18,,18345,142,0,6 1 7,0,18,,18366,142,0,6 1 7,0,58,,18347,142,0,6 1 7,0,18,,18374,142,0,6 1 7,0,18,,18368,142,0,6 1 7,0,62,,18354,142,0,6 1 7,0,18,,18355,142,0,6 1 7,0,18,,18362,142,0,6 1 7,0,58,,18360,142,0,6 1 7,0,18,,18375,142,0,6 1 7,0,18,,18348,142,0,6 1 7,0,20,,18349,142,0,6 1 7,0,60,,18346,142,0,6 1 7,0,19,,18365,142,0,6 1 7,0,18,,18359,142,0,6 1 7,0,58,,18372,142,0,6 1 7,0,18,,18358,142,0,6 1 7,0,18,,18352,142,0,6 1 7,0,54,,18371,142,0,6 1 7,0,20,,18350,142,0,6 1 7,0
6200,'29bb4b7a-5d7b-4f78-bccd-adce0636a676',1014,,18754,36,,,0,35,,18755,36,,,0,75,,18756,36,,,0,35,,18747,36,,,0,75,,18759,36,,,0,75,,18750,36,,,0,35,,18760,36,,,0,75,,18751,36,,,0,35,,18753,36,,,0,75,,18748,36,,,0,75,,18749,36,,,0,35,,18758,36,,,0,75,,18761,36,,,0,35,,18757,36,,,0,75,,18752,36,,,0
6200,'3d6b7334-041d-4cdf-b33e-9fc06607d92b',614,,18779,36,,,0,41,,18765,36,,,0,81,,18777,36,,,0,81,,18767,36,,,0,41,,18766,36,,,0,81,,18775,36,,,0,81,,18783,36,,,0,81,,18774,36,,,0,41,,18764,36,,,0,81,,18770,36,,,0,81,,18763,36,,,0,41,,18768,36,,,0,81,,18786,36,,,0,81,,18782,36,,,0,46,,18785,36,,,0,86,,18781,36,,,0,86,,18769,36,,,0,86,,18771,36,,,0,46,,18772,36,,,0,81,,18762,36,,,0,81,,18780,36,,,0,81,,18773,36,,,0,41,,18776,36,,,0,81,,18784,36,,,0,81,,18778,36,,,0
6200,'55f98007-25ae-4999-903a-9517a72acc76',614,,18791,36,,,0,41,,18796,36,,,0,81,,18793,36,,,0,81,,18804,36,,,0,41,,18808,36,,,0,81,,18807,36,,,0,81,,18809,36,,,0,81,,18810,36,,,0,41,,18797,36,,,0,81,,18799,36,,,0,81,,18811,36,,,0,41,,18802,36,,,0,81,,18790,36,,,0,81,,18795,36,,,0,46,,18803,36,,,0,86,,18806,36,,,0,86,,18801,36,,,0,86,,18798,36,,,0,46,,18792,36,,,0,81,,18789,36,,,0,81,,18800,36,,,0,81,,18787,36,,,0,41,,18805,36,,,0,81,,18794,36,,,0,81,,18788,36,,,0
6200,'aebab1a8-3c1a-47f7-a9ad-73a4dd0b203e',1019,,18820,36,,,0,81,,18815,36,,,0,41,,18821,36,,,0,81,,18823,36,,,0,81,,18816,36,,,0,41,,18817,36,,,0,81,,18818,36,,,0,81,,18822,36,,,0,41,,18813,36,,,0,81,,18812,36,,,0,81,,18814,36,,,0,41,,18819,36,,,0
