6800,'595d987c-b6af-4553-91b7-dc23a0d7ec1c',700,,20678,7,,,0,100,,20672,7,,,0,100,,20673,7,,,0,100,,20675,7,,,0,600,,20677,7,,,0,100,,20671,7,,,0,100,,20670,7,,,0,100,,20674,7,,,0,100,,20676,7,,,0
6800,'d3716f81-b7c0-479c-ad60-6712cf7781f4',1000,,20680,7,,,0,200,,20679,7,,,0,200,,20683,7,,,0,200,,20681,7,,,0,200,,20682,7,,,0
6800,'f394ee2a-c90c-4cfe-bbfc-c5340e68ee20',630,,20687,7,,,0,70,,20696,7,,,0,30,,20689,7,,,0,70,,20691,7,,,0,30,,20685,7,,,0,112,,20698,7,,,0,100,,20686,7,,,0,488,,20694,7,,,0,70,,20684,7,,,0,30,,20692,7,,,0,70,,20690,7,,,0,30,,20693,7,,,0,90,,20695,7,,,0,100,,20688,7,,,0,100,,20697,7,,,0
8100,'595d987c-b6af-4553-91b7-dc23a0d7ec1c',631,,20710,6,,,0,100,,20700,6,,,0,100,,20699,6,,,0,200,,20705,6,,,0,100,,20701,6,,,0,100,,20707,6,,,0,200,,20712,6,,,0,100,,20708,6,,,0,100,,20706,6,,,0,100,,20704,6,,,0,100,,20702,6,,,0,100,,20703,6,,,0,100,,20711,6,,,0,100,,20709,6,,,0
8100,'d01a14a4-d6a9-4013-8e71-e69303fb0b13',1016,,20719,6,,,0,100,,20713,6,,,0,100,,20718,6,,,0,100,,20715,6,,,0,100,,20717,6,,,0,100,,20716,6,,,0,100,,20720,6,,,0,100,,20714,6,,,0,100,,20721,6,,,0
8100,'d3716f81-b7c0-479c-ad60-6712cf7781f4',1031,,20723,6,,,0,100,,20726,6,,,0,200,,20722,6,,,0,100,,20724,6,,,0,100,,20725,6,,,0,100,,20727,6,,,0,100,,20728,6,,,0
8100,'f394ee2a-c90c-4cfe-bbfc-c5340e68ee20',2131,,20729,6,,,0
8200,'595d987c-b6af-4553-91b7-dc23a0d7ec1c',931,,20731,6,,,0,400,,20730,6,,,0
8200,'d3716f81-b7c0-479c-ad60-6712cf7781f4',1231,,20732,6,,,0
8600,'f394ee2a-c90c-4cfe-bbfc-c5340e68ee20',546,,20773,7,,,0,75,,20767,7,,,0,35,,20769,7,,,0,75,,20765,7,,,0,80,,20757,7,,,0,40,,20750,7,,,0,80,,20764,7,,,0,75,,20749,7,,,0,35,,20770,7,,,0,75,,20762,7,,,0,35,,20756,7,,,0,75,,20755,7,,,0,75,,20768,7,,,0,35,,20774,7,,,0,75,,20753,7,,,0,35,,20761,7,,,0,75,,20763,7,,,0,35,,20772,7,,,0,75,,20752,7,,,0,80,,20754,7,,,0,40,,20766,7,,,0,80,,20760,7,,,0,75,,20758,7,,,0,35,,20751,7,,,0,75,,20759,7,,,0,35,,20771,7,,,0
