8100,'595d987c-b6af-4553-91b7-dc23a0d7ec1c',637,,20710,41,,,0,100,,20700,41,,,0,100,,20699,41,,,0,200,,20705,41,,,0,100,,20701,41,,,0,100,,20707,41,,,0,200,,20712,41,,,0,100,,20708,41,,,0,100,,20706,41,,,0,100,,20704,41,,,0,100,,20702,41,,,0,100,,20703,41,,,0,100,,20711,41,,,0,106,,20709,91,,,0
8100,'d01a14a4-d6a9-4013-8e71-e69303fb0b13',1028,,20719,91,,,0,100,,20713,91,,,0,100,,20718,91,,,0,100,,20715,91,,,0,100,,20717,91,,,0,100,,20716,91,,,0,100,,20720,91,,,0,100,,20714,91,,,0,100,,20721,91,,,0
8100,'d3716f81-b7c0-479c-ad60-6712cf7781f4',1037,,20723,41,,,0,100,,20726,41,,,0,200,,20722,41,,,0,100,,20724,41,,,0,100,,20725,41,,,0,100,,20727,41,,,0,100,,20728,40,,,0
8100,'f394ee2a-c90c-4cfe-bbfc-c5340e68ee20',2143,,20729,91,,,0
8200,'595d987c-b6af-4553-91b7-dc23a0d7ec1c',937,,20731,42,,,0,68,,20731,278,,,0,332,,20730,42,,,0,68,,20730,278,,,0
8200,'d3716f81-b7c0-479c-ad60-6712cf7781f4',1237,,20732,42,,,0,68,,20732,278,,,0
8600,'f394ee2a-c90c-4cfe-bbfc-c5340e68ee20',552,,20773,37,,,0,75,,20767,37,,,0,75,,20769,37,,,0,35,,20765,37,,,0,80,,20757,37,,,0,40,,20750,37,,,0,80,,20764,37,,,0,75,,20749,37,,,0,35,,20770,37,,,0,75,,20762,37,,,0,35,,20756,37,,,0,75,,20755,37,,,0,75,,20768,37,,,0,35,,20774,37,,,0,75,,20753,37,,,0,35,,20761,37,,,0,75,,20763,37,,,0,75,,20772,37,,,0,35,,20752,37,,,0,80,,20754,37,,,0,40,,20766,37,,,0,80,,20760,37,,,0,75,,20758,37,,,0,35,,20751,37,,,0,75,,20759,37,,,0,35,,20771,37,,,0
9800,'595d987c-b6af-4553-91b7-dc23a0d7ec1c',702,,20938,64,,,0,44,,20923,64,,,0,84,,20934,64,,,0,84,,20922,64,,,0,44,,20929,64,,,0,84,,20936,64,,,0,84,,20933,64,,,0,84,,20926,64,,,0,44,,20932,64,,,0,84,,20941,64,,,0,84,,20937,64,,,0,84,,20930,64,,,0,44,,20931,64,,,0,84,,20925,64,,,0,84,,20935,64,,,0,84,,20924,64,,,0,44,,20940,64,,,0,84,,20921,64,,,0,84,,20939,64,,,0,44,,20927,64,,,0,84,,20928,64,,,0
9800,'d3716f81-b7c0-479c-ad60-6712cf7781f4',1002,,20944,64,,,0,44,,20945,64,,,0,84,,20950,64,,,0,84,,20947,64,,,0,44,,20948,64,,,0,84,,20951,64,,,0,84,,20952,64,,,0,84,,20953,64,,,0,44,,20946,64,,,0,84,,20942,64,,,0,84,,20943,64,,,0,84,,20949,64,,,0
9800,'f394ee2a-c90c-4cfe-bbfc-c5340e68ee20',703,,20972,64,,,0,44,,20959,64,,,0,84,,20961,64,,,0,84,,20962,64,,,0,44,,20971,64,,,0,84,,20970,64,,,0,84,,20973,64,,,0,84,,20963,64,,,0,44,,20968,64,,,0,84,,20954,64,,,0,84,,20957,64,,,0,84,,20958,64,,,0,48,,20969,64,,,0,88,,20964,64,,,0,88,,20967,64,,,0,88,,20966,64,,,0,84,,20965,64,,,0,44,,20974,64,,,0,84,,20960,64,,,0,84,,20956,64,,,0,44,,20955,64,,,0
