5104,'29bb4b7a-5d7b-4f78-bccd-adce0636a676',1043,,18391,73,0,9 1 10,0,75,,18381,73,0,9 1 10,0,35,,18377,73,0,9 1 10,0,75,,18390,73,0,9 1 10,0,75,,18386,73,0,9 1 10,0,35,,18379,73,0,9 1 10,0,75,,18382,73,0,9 1 10,0,35,,18376,73,0,9 1 10,0,75,,18387,73,0,9 1 10,0,35,,18384,73,0,9 1 10,0,75,,18378,73,0,9 1 10,0,75,,18380,73,0,9 1 10,0,35,,18389,73,0,9 1 10,0,75,,18383,73,0,9 1 10,0,35,,18388,73,0,9 1 10,0
5104,'3d6b7334-041d-4cdf-b33e-9fc06607d92b',611,,18398,73,0,9 1 10,0,13,,18445,73,0,9 1 10,0,13,,18448,73,0,9 1 10,0,15,,18400,73,0,9 1 10,0,54,,18415,73,0,9 1 10,0,23,,18416,73,0,9 1 10,0,12,,18426,73,0,9 1 10,0,16,,18456,73,0,9 1 10,0,57,,18449,73,0,9 1 10,0,16,,18460,73,0,9 1 10,0,18,,18428,73,0,9 1 10,0,55,,18414,73,0,9 1 10,0,14,,18468,73,0,9 1 10,0,14,,18408,73,0,9 1 10,0,16,,18447,73,0,9 1 10,0,57,,18431,73,0,9 1 10,0,17,,18427,73,0,9 1 10,0,17,,18464,73,0,9 1 10,0,16,,18466,73,0,9 1 10,0,55,,18418,73,0,9 1 10,0,15,,18429,73,0,9 1 10,0,15,,18452,73,0,9 1 10,0,16,,18446,73,0,9 1 10,0,56,,18459,73,0,9 1 10,0,13,,18402,73,0,9 1 10,0,14,,18463,73,0,9 1 10,0,14,,18434,73,0,9 1 10,0,51,,18392,73,0,9 1 10,0,14,,18457,73,0,9 1 10,0,16,,18462,73,0,9 1 10,0,15,,18403,73,0,9 1 10,0,56,,18424,73,0,9 1 10,0,15,,18437,73,0,9 1 10,0,11,,18443,73,0,9 1 10,0,20,,18438,73,0,9 1 10,0,54,,18399,73,0,9 1 10,0,14,,18461,73,0,9 1 10,0,14,,18441,73,0,9 1 10,0,14,,18396,73,0,9 1 10,0,55,,18435,73,0,9 1 10,0,15,,18433,73,0,9 1 10,0,16,,18419,73,0,9 1 10,0,15,,18412,73,0,9 1 10,0,55,,18413,73,0,9 1 10,0,14,,18451,73,0,9 1 10,0,14,,18453,73,0,9 1 10,0,14,,18395,73,0,9 1 10,0,15,,18467,73,0,9 1 10,0,51,,18421,73,0,9 1 10,0,19,,18393,73,0,9 1 10,0,12,,18422,73,0,9 1 10,0,15,,18397,73,0,9 1 10,0,54,,18432,73,0,9 1 10,0,14,,18430,73,0,9 1 10,0,11,,18394,73,0,9 1 10,0,22,,18454,73,0,9 1 10,0,56,,18406,73,0,9 1 10,0,19,,18469,73,0,9 1 10,0,14,,18465,73,0,9 1 10,0,54,,18458,73,0,9 1 10,0,14,,18425,73,0,9 1 10,0,14,,18455,73,0,9 1 10,0,10,,18436,73,0,9 1 10,0,16,,18404,73,0,9 1 10,0,57,,18423,73,0,9 1 10,0,15,,18439,73,0,9 1 10,0,14,,18409,73,0,9 1 10,0,14,,18450,73,0,9 1 10,0,54,,18411,72,0,9 1 10,0,9,,18442,72,0,9 1 10,0,11,,18420,72,0,9 1 10,0,16,,18410,72,0,9 1 10,0
5104,'55f98007-25ae-4999-903a-9517a72acc76',613,,18534,73,0,9 1 10,0,15,,18526,73,0,9 1 10,0,15,,18516,73,0,9 1 10,0,15,,18498,73,0,9 1 10,0,54,,18519,73,0,9 1 10,0,14,,18506,73,0,9 1 10,0,20,,18529,73,0,9 1 10,0,55,,18527,73,0,9 1 10,0,15,,18515,73,0,9 1 10,0,15,,18489,73,0,9 1 10,0,15,,18474,73,0,9 1 10,0,57,,18523,73,0,9 1 10,0,18,,18479,73,0,9 1 10,0,18,,18530,73,0,9 1 10,0,16,,18520,73,0,9 1 10,0,55,,18500,73,0,9 1 10,0,15,,18488,73,0,9 1 10,0,23,,18472,73,0,9 1 10,0,58,,18533,73,0,9 1 10,0,19,,18531,73,0,9 1 10,0,16,,18477,73,0,9 1 10,0,16,,18518,73,0,9 1 10,0,52,,18512,73,0,9 1 10,0,12,,18517,73,0,9 1 10,0,12,,18471,73,0,9 1 10,0,23,,18486,73,0,9 1 10,0,59,,18514,73,0,9 1 10,0,19,,18536,73,0,9 1 10,0,16,,18475,73,0,9 1 10,0,56,,18495,73,0,9 1 10,0,16,,18485,73,0,9 1 10,0,18,,18537,73,0,9 1 10,0,16,,18528,73,0,9 1 10,0,56,,18524,73,0,9 1 10,0,18,,18478,73,0,9 1 10,0,16,,18481,73,0,9 1 10,0,57,,18496,73,0,9 1 10,0,16,,18494,73,0,9 1 10,0,19,,18507,73,0,9 1 10,0,16,,18476,73,0,9 1 10,0,56,,18484,73,0,9 1 10,0,20,,18505,73,0,9 1 10,0,15,,18503,73,0,9 1 10,0,56,,18473,73,0,9 1 10,0,16,,18497,73,0,9 1 10,0,14,,18508,73,0,9 1 10,0,17,,18499,73,0,9 1 10,0,57,,18504,73,0,9 1 10,0,18,,18483,73,0,9 1 10,0,18,,18480,73,0,9 1 10,0,16,,18487,73,0,9 1 10,0,53,,18510,73,0,9 1 10,0,17,,18535,73,0,9 1 10,0,17,,18501,73,0,9 1 10,0,58,,18532,73,0,9 1 10,0,18,,18470,73,0,9 1 10,0,16,,18511,73,0,9 1 10,0,15,,18522,73,0,9 1 10,0,56,,18513,73,0,9 1 10,0,17,,18492,73,0,9 1 10,0,17,,18521,73,0,9 1 10,0,16,,18525,73,0,9 1 10,0,56,,18490,72,0,9 1 10,0,17,,18509,72,0,9 1 10,0,11,,18502,72,0,9 1 10,0
5104,'aebab1a8-3c1a-47f7-a9ad-73a4dd0b203e',925,,18566,73,0,9 1 10,0,18,,18559,73,0,9 1 10,0,60,,18555,73,0,9 1 10,0,11,,18552,73,0,9 1 10,0,31,,18557,73,0,9 1 10,0,60,,18564,73,0,9 1 10,0,18,,18541,73,0,9 1 10,0,18,,18551,73,0,9 1 10,0,18,,18561,73,0,9 1 10,0,58,,18554,73,0,9 1 10,0,20,,18539,73,0,9 1 10,0,18,,18538,73,0,9 1 10,0,58,,18542,73,0,9 1 10,0,18,,18569,73,0,9 1 10,0,18,,18546,73,0,9 1 10,0,58,,18568,73,0,9 1 10,0,22,,18567,73,0,9 1 10,0,18,,18553,73,0,9 1 10,0,58,,18550,73,0,9 1 10,0,18,,18545,73,0,9 1 10,0,18,,18556,73,0,9 1 10,0,18,,18565,73,0,9 1 10,0,60,,18558,73,0,9 1 10,0,20,,18543,73,0,9 1 10,0,19,,18560,73,0,9 1 10,0,58,,18562,73,0,9 1 10,0,18,,18540,73,0,9 1 10,0,18,,18549,73,0,9 1 10,0,49,,18544,73,0,9 1 10,0,20,,18547,72,0,9 1 10,0,19,,18563,72,0,9 1 10,0
6200,'29bb4b7a-5d7b-4f78-bccd-adce0636a676',1043,,18754,197,,,0,75,,18755,197,,,0,35,,18756,197,,,0,75,,18747,197,,,0,75,,18759,197,,,0,35,,18750,197,,,0,75,,18760,197,,,0,35,,18751,197,,,0,75,,18753,197,,,0,35,,18748,197,,,0,75,,18749,197,,,0,75,,18758,197,,,0,35,,18761,197,,,0,75,,18757,197,,,0,35,,18752,197,,,0
6200,'3d6b7334-041d-4cdf-b33e-9fc06607d92b',648,,18779,197,,,0,81,,18765,197,,,0,81,,18777,197,,,0,41,,18767,197,,,0,81,,18766,197,,,0,81,,18775,197,,,0,41,,18783,197,,,0,81,,18774,197,,,0,81,,18764,197,,,0,41,,18770,197,,,0,81,,18763,197,,,0,81,,18768,197,,,0,81,,18786,197,,,0,46,,18782,197,,,0,86,,18785,197,,,0,86,,18781,197,,,0,86,,18769,197,,,0,46,,18771,197,,,0,81,,18772,197,,,0,81,,18762,197,,,0,41,,18780,197,,,0,81,,18773,197,,,0,81,,18776,197,,,0,41,,18784,197,,,0,81,,18778,198,,,0
6200,'55f98007-25ae-4999-903a-9517a72acc76',648,,18791,197,,,0,81,,18796,197,,,0,81,,18793,197,,,0,41,,18804,197,,,0,81,,18808,197,,,0,81,,18807,197,,,0,41,,18809,197,,,0,81,,18810,197,,,0,81,,18797,197,,,0,41,,18799,197,,,0,81,,18811,197,,,0,81,,18802,197,,,0,81,,18790,197,,,0,46,,18795,197,,,0,86,,18803,197,,,0,86,,18806,197,,,0,86,,18801,197,,,0,46,,18798,197,,,0,81,,18792,197,,,0,81,,18789,197,,,0,41,,18800,197,,,0,81,,18787,197,,,0,81,,18805,197,,,0,41,,18794,197,,,0,81,,18788,198,,,0
6200,'aebab1a8-3c1a-47f7-a9ad-73a4dd0b203e',1053,,18820,197,,,0,81,,18815,197,,,0,81,,18821,197,,,0,41,,18823,197,,,0,81,,18816,197,,,0,81,,18817,197,,,0,41,,18818,197,,,0,81,,18822,197,,,0,81,,18813,197,,,0,81,,18812,197,,,0,41,,18814,197,,,0,81,,18819,198,,,0
6500,'3d6b7334-041d-4cdf-b33e-9fc06607d92b',651,,19004,36,,,0,75,,19013,36,,,0,76,,19002,36,,,0,36,,19007,36,,,0,83,,18999,36,,,0,30,,18992,36,,,0,70,,19017,36,,,0,30,,19011,36,,,0,70,,19010,36,,,0,30,,18990,36,,,0,70,,19015,36,,,0,30,,19001,36,,,0,70,,18995,36,,,0,30,,19009,36,,,0,70,,18998,36,,,0,30,,19006,36,,,0,70,,18991,36,,,0,31,,19003,36,,,0,80,,18993,36,,,0,80,,19016,36,,,0,39,,19014,36,,,0,70,,19012,36,,,0,30,,19000,36,,,0,70,,18997,36,,,0,30,,19008,36,,,0,70,,19005,36,,,0,30,,18994,36,,,0,70,,18996,36,,,0
6500,'55f98007-25ae-4999-903a-9517a72acc76',651,,19036,36,,,0,75,,19024,36,,,0,76,,19038,36,,,0,36,,19035,36,,,0,83,,19039,36,,,0,30,,19022,36,,,0,70,,19029,36,,,0,30,,19031,36,,,0,70,,19041,36,,,0,30,,19018,36,,,0,70,,19021,36,,,0,30,,19030,36,,,0,70,,19019,36,,,0,30,,19042,36,,,0,70,,19025,36,,,0,30,,19037,36,,,0,70,,19026,36,,,0,31,,19023,36,,,0,80,,19034,36,,,0,80,,19033,36,,,0,39,,19020,36,,,0,70,,19043,36,,,0,30,,19028,36,,,0,70,,19027,36,,,0,30,,19044,36,,,0,70,,19032,36,,,0,30,,19040,36,,,0,70,,19045,36,,,0
6500,'aebab1a8-3c1a-47f7-a9ad-73a4dd0b203e',1021,,19058,36,,,0,30,,19048,36,,,0,70,,19046,36,,,0,30,,19061,36,,,0,70,,19052,36,,,0,30,,19051,36,,,0,70,,19056,36,,,0,30,,19054,36,,,0,70,,19057,36,,,0,30,,19053,36,,,0,70,,19050,36,,,0,30,,19055,36,,,0,70,,19049,36,,,0,30,,19047,36,,,0,70,,19059,36,,,0,30,,19060,36,,,0
