5100,'595d987c-b6af-4553-91b7-dc23a0d7ec1c',618,,19787,174,4,,0,15,,19786,174,4,,0,15,,19751,174,4,,0,53,,19797,174,4,,0,14,,19742,174,4,,0,18,,19773,174,4,,0,15,,19739,174,4,,0,55,,19778,174,4,,0,15,,19791,174,4,,0,15,,19803,174,4,,0,17,,19749,174,4,,0,58,,19802,174,4,,0,18,,19765,174,4,,0,16,,19780,174,4,,0,15,,19776,174,4,,0,55,,19758,174,4,,0,22,,19806,174,4,,0,18,,19754,174,4,,0,58,,19766,174,4,,0,16,,19788,174,4,,0,16,,19738,174,4,,0,12,,19777,174,4,,0,52,,19781,174,4,,0,12,,19782,174,4,,0,23,,19771,174,4,,0,59,,19774,174,4,,0,19,,19741,174,4,,0,16,,19737,174,4,,0,16,,19769,174,4,,0,56,,19785,174,4,,0,18,,19798,174,4,,0,16,,19755,174,4,,0,16,,19747,174,4,,0,58,,19789,174,4,,0,16,,19804,174,4,,0,17,,19794,174,4,,0,56,,19795,174,4,,0,18,,19772,174,4,,0,16,,19783,174,4,,0,16,,19744,174,4,,0,60,,19799,174,4,,0,15,,19752,174,4,,0,16,,19759,174,4,,0,56,,19768,174,4,,0,15,,19779,174,4,,0,17,,19796,174,4,,0,17,,19763,174,4,,0,58,,19801,174,4,,0,18,,19764,174,4,,0,16,,19761,174,4,,0,14,,19745,174,4,,0,57,,19760,174,4,,0,17,,19740,174,4,,0,18,,19805,174,4,,0,58,,19757,174,4,,0,16,,19767,174,4,,0,15,,19750,174,4,,0,16,,19800,174,4,,0,57,,19746,174,4,,0,17,,19792,174,4,,0,18,,19793,174,4,,0,56,,19775,174,4,,0,17,,19790,174,4,,0,12,,19770,174,4,,0,14,,19743,177,4,,0
5100,'d01a14a4-d6a9-4013-8e71-e69303fb0b13',1029,,19819,174,4,,0,75,,19821,174,4,,0,35,,19816,174,4,,0,75,,19813,174,4,,0,35,,19809,174,4,,0,75,,19807,174,4,,0,35,,19820,174,4,,0,75,,19818,174,4,,0,75,,19814,174,4,,0,35,,19812,174,4,,0,75,,19810,174,4,,0,35,,19817,174,4,,0,75,,19822,174,4,,0,75,,19811,174,4,,0,35,,19815,174,4,,0
5100,'d3716f81-b7c0-479c-ad60-6712cf7781f4',931,,19842,174,4,,0,20,,19830,174,4,,0,52,,19853,174,4,,0,28,,19837,174,4,,0,20,,19832,174,4,,0,58,,19828,174,4,,0,18,,19841,174,4,,0,18,,19844,174,4,,0,58,,19848,174,4,,0,20,,19839,174,4,,0,18,,19850,174,4,,0,18,,19829,174,4,,0,58,,19843,174,4,,0,18,,19827,174,4,,0,18,,19846,174,4,,0,62,,19824,174,4,,0,18,,19833,174,4,,0,18,,19838,174,4,,0,58,,19826,174,4,,0,18,,19835,174,4,,0,18,,19847,174,4,,0,60,,19851,174,4,,0,20,,19845,174,4,,0,19,,19849,174,4,,0,58,,19854,174,4,,0,18,,19840,174,4,,0,18,,19825,174,4,,0,19,,19834,174,4,,0,52,,19852,174,4,,0,20,,19836,174,4,,0
5100,'f394ee2a-c90c-4cfe-bbfc-c5340e68ee20',601,,19882,174,4,,0,13,,19894,174,4,,0,13,,19876,174,4,,0,14,,19883,174,4,,0,14,,19869,174,4,,0,61,,19889,174,4,,0,12,,19868,174,4,,0,16,,19926,174,4,,0,56,,19928,174,4,,0,16,,19918,174,4,,0,18,,19862,174,4,,0,15,,19919,174,4,,0,53,,19877,174,4,,0,14,,19878,174,4,,0,17,,19886,174,4,,0,17,,19892,174,4,,0,57,,19863,174,4,,0,17,,19920,174,4,,0,16,,19915,174,4,,0,14,,19927,174,4,,0,55,,19861,174,4,,0,15,,19906,174,4,,0,16,,19902,174,4,,0,16,,19879,174,4,,0,53,,19855,174,4,,0,13,,19860,174,4,,0,12,,19864,174,4,,0,11,,19874,174,4,,0,56,,19905,174,4,,0,16,,19896,174,4,,0,16,,19870,174,4,,0,16,,19910,174,4,,0,52,,19867,174,4,,0,11,,19875,174,4,,0,20,,19930,174,4,,0,14,,19901,174,4,,0,54,,19913,174,4,,0,14,,19911,174,4,,0,14,,19921,174,4,,0,15,,19917,174,4,,0,15,,19904,174,4,,0,56,,19895,174,4,,0,15,,19858,174,4,,0,15,,19884,174,4,,0,14,,19908,174,4,,0,54,,19857,174,4,,0,14,,19888,174,4,,0,15,,19871,174,4,,0,14,,19891,174,4,,0,56,,19893,174,4,,0,15,,19890,174,4,,0,15,,19880,174,4,,0,14,,19897,174,4,,0,54,,19909,174,4,,0,12,,19898,174,4,,0,23,,19925,174,4,,0,15,,19929,174,4,,0,58,,19887,174,4,,0,14,,19907,174,4,,0,14,,19916,174,4,,0,14,,19859,174,4,,0,54,,19873,174,4,,0,11,,19903,174,4,,0,16,,19899,174,4,,0,17,,19856,174,4,,0,55,,19866,174,4,,0,14,,19912,174,4,,0,14,,19881,174,4,,0,14,,19900,174,4,,0,50,,19885,174,4,,0,15,,19914,174,4,,0,14,,19872,174,4,,0
5101,'595d987c-b6af-4553-91b7-dc23a0d7ec1c',603,,19931,0,,,0,15,,19985,0,,,0,15,,19978,0,,,0,15,,19967,0,,,0,53,,19981,0,,,0,14,,19974,0,,,0,18,,19937,0,,,0,15,,19942,0,,,0,55,,19963,0,,,0,15,,19952,0,,,0,15,,19949,0,,,0,17,,19950,0,,,0,58,,19971,0,,,0,18,,19933,0,,,0,16,,19990,0,,,0,15,,19959,0,,,0,55,,19953,0,,,0,22,,19941,0,,,0,18,,19964,0,,,0,58,,19943,0,,,0,16,,19986,0,,,0,16,,19976,0,,,0,12,,19962,0,,,0,52,,19940,0,,,0,12,,19982,0,,,0,23,,19989,0,,,0,59,,19934,0,,,0,19,,19973,0,,,0,16,,19980,0,,,0,16,,19961,0,,,0,56,,19968,0,,,0,18,,19998,0,,,0,16,,19993,0,,,0,16,,19983,0,,,0,58,,19951,0,,,0,16,,19957,0,,,0,17,,19936,0,,,0,56,,19992,0,,,0,18,,19984,0,,,0,16,,19995,0,,,0,16,,19994,0,,,0,60,,19946,0,,,0,15,,19987,0,,,0,16,,19975,0,,,0,56,,19965,0,,,0,15,,19970,0,,,0,17,,19960,0,,,0,17,,19939,0,,,0,58,,19948,0,,,0,18,,19944,0,,,0,16,,19955,0,,,0,14,,19945,0,,,0,57,,19935,0,,,0,17,,19997,0,,,0,18,,19932,0,,,0,58,,19954,0,,,0,16,,19991,0,,,0,15,,19966,0,,,0,16,,19996,0,,,0,57,,19947,0,,,0,17,,19977,0,,,0,18,,19979,0,,,0,56,,19969,0,,,0,17,,19938,0,,,0,12,,19956,0,,,0
5101,'d01a14a4-d6a9-4013-8e71-e69303fb0b13',1029,,20003,0,,,0,75,,20005,0,,,0,35,,20000,0,,,0,75,,20009,0,,,0,35,,20007,0,,,0,75,,20008,0,,,0,35,,20002,0,,,0,75,,20013,0,,,0,75,,20011,0,,,0,35,,20001,0,,,0,75,,20006,0,,,0,35,,20014,0,,,0,75,,20004,0,,,0,75,,20012,0,,,0,35,,19999,0,,,0
5101,'d3716f81-b7c0-479c-ad60-6712cf7781f4',913,,20031,0,,,0,18,,20042,0,,,0,20,,20038,0,,,0,52,,20034,0,,,0,28,,20035,0,,,0,20,,20015,0,,,0,58,,20036,0,,,0,18,,20037,0,,,0,18,,20021,0,,,0,58,,20033,0,,,0,20,,20041,0,,,0,18,,20016,0,,,0,18,,20023,0,,,0,58,,20017,0,,,0,18,,20044,0,,,0,18,,20039,0,,,0,62,,20040,0,,,0,18,,20022,0,,,0,18,,20027,0,,,0,58,,20028,0,,,0,18,,20024,0,,,0,18,,20029,0,,,0,60,,20018,0,,,0,20,,20045,0,,,0,19,,20019,0,,,0,58,,20046,0,,,0,18,,20043,0,,,0,18,,20030,0,,,0,19,,20032,0,,,0,52,,20025,0,,,0,20,,20026,0,,,0
5101,'f394ee2a-c90c-4cfe-bbfc-c5340e68ee20',601,,20063,0,,,0,13,,20109,0,,,0,13,,20051,0,,,0,14,,20116,0,,,0,14,,20078,0,,,0,61,,20068,0,,,0,12,,20124,0,,,0,16,,20102,0,,,0,56,,20122,0,,,0,16,,20047,0,,,0,18,,20087,0,,,0,15,,20094,0,,,0,53,,20075,0,,,0,14,,20059,0,,,0,17,,20112,0,,,0,17,,20061,0,,,0,57,,20100,0,,,0,17,,20067,0,,,0,16,,20093,0,,,0,14,,20086,0,,,0,55,,20060,0,,,0,15,,20065,0,,,0,16,,20083,0,,,0,16,,20080,0,,,0,53,,20056,0,,,0,13,,20092,0,,,0,12,,20070,0,,,0,11,,20103,0,,,0,56,,20081,0,,,0,16,,20121,0,,,0,16,,20119,0,,,0,16,,20108,0,,,0,52,,20082,0,,,0,11,,20057,0,,,0,20,,20110,0,,,0,14,,20066,0,,,0,54,,20118,0,,,0,14,,20117,0,,,0,14,,20115,0,,,0,15,,20084,0,,,0,15,,20098,0,,,0,56,,20054,0,,,0,15,,20049,0,,,0,15,,20073,0,,,0,14,,20072,0,,,0,54,,20114,0,,,0,14,,20099,0,,,0,15,,20105,0,,,0,14,,20058,0,,,0,56,,20048,0,,,0,15,,20123,0,,,0,15,,20088,0,,,0,14,,20069,0,,,0,54,,20085,0,,,0,12,,20097,0,,,0,23,,20074,0,,,0,15,,20050,0,,,0,58,,20089,0,,,0,14,,20104,0,,,0,14,,20107,0,,,0,14,,20091,0,,,0,54,,20101,0,,,0,11,,20055,0,,,0,16,,20064,0,,,0,17,,20090,0,,,0,55,,20076,0,,,0,14,,20062,0,,,0,14,,20113,0,,,0,14,,20120,0,,,0,50,,20079,0,,,0,15,,20053,0,,,0,14,,20071,0,,,0
6200,'595d987c-b6af-4553-91b7-dc23a0d7ec1c',620,,20312,66,,,0,81,,20318,66,,,0,41,,20323,66,,,0,81,,20307,66,,,0,81,,20322,66,,,0,41,,20314,66,,,0,81,,20316,66,,,0,81,,20317,66,,,0,41,,20302,66,,,0,81,,20319,66,,,0,81,,20308,66,,,0,41,,20311,66,,,0,81,,20303,66,,,0,81,,20326,66,,,0,46,,20313,66,,,0,86,,20324,66,,,0,86,,20315,66,,,0,86,,20305,66,,,0,86,,20325,66,,,0,41,,20309,66,,,0,81,,20310,66,,,0,81,,20306,66,,,0,41,,20320,66,,,0,81,,20304,66,,,0,81,,20321,66,,,0
6200,'d01a14a4-d6a9-4013-8e71-e69303fb0b13',1020,,20339,66,,,0,35,,20328,66,,,0,75,,20337,66,,,0,75,,20331,66,,,0,35,,20341,66,,,0,75,,20329,66,,,0,35,,20334,66,,,0,75,,20332,66,,,0,75,,20336,66,,,0,35,,20327,66,,,0,75,,20340,66,,,0,35,,20330,66,,,0,75,,20333,66,,,0,35,,20335,66,,,0,75,,20338,66,,,0
6200,'d3716f81-b7c0-479c-ad60-6712cf7781f4',1025,,20350,66,,,0,81,,20353,66,,,0,41,,20349,66,,,0,81,,20347,66,,,0,81,,20351,66,,,0,41,,20344,66,,,0,81,,20343,66,,,0,81,,20352,66,,,0,41,,20346,66,,,0,81,,20348,66,,,0,81,,20345,66,,,0,41,,20342,66,,,0
6200,'f394ee2a-c90c-4cfe-bbfc-c5340e68ee20',620,,20358,66,,,0,81,,20374,66,,,0,41,,20371,66,,,0,81,,20356,66,,,0,81,,20359,66,,,0,41,,20355,66,,,0,81,,20367,66,,,0,81,,20376,66,,,0,41,,20368,66,,,0,81,,20370,66,,,0,81,,20372,66,,,0,41,,20364,66,,,0,81,,20366,66,,,0,81,,20357,66,,,0,46,,20375,66,,,0,86,,20373,66,,,0,86,,20377,66,,,0,86,,20354,66,,,0,86,,20363,66,,,0,41,,20360,66,,,0,81,,20369,66,,,0,81,,20378,66,,,0,41,,20361,66,,,0,81,,20365,66,,,0,81,,20362,66,,,0
