5104,'29bb4b7a-5d7b-4f78-bccd-adce0636a676',1029,,18385,151,0,9 1 10,0,78,,18391,151,0,9 1 10,0,35,,18381,151,0,9 1 10,0,75,,18377,151,0,9 1 10,0,35,,18390,151,0,9 1 10,0,75,,18386,151,0,9 1 10,0,75,,18379,151,0,9 1 10,0,35,,18382,151,0,9 1 10,0,75,,18376,151,0,9 1 10,0,35,,18387,151,0,9 1 10,0,75,,18384,151,0,9 1 10,0,35,,18378,151,0,9 1 10,0,75,,18380,151,0,9 1 10,0,75,,18389,151,0,9 1 10,0,35,,18383,151,0,9 1 10,0,73,,18388,151,4,,0
5104,'3d6b7334-041d-4cdf-b33e-9fc06607d92b',613,,18407,151,0,9 1 10,0,18,,18398,151,0,9 1 10,0,13,,18445,151,0,9 1 10,0,13,,18448,151,0,9 1 10,0,57,,18400,151,0,9 1 10,0,14,,18415,151,0,9 1 10,0,24,,18416,151,0,9 1 10,0,53,,18426,151,0,9 1 10,0,20,,18456,151,0,9 1 10,0,17,,18449,151,0,9 1 10,0,15,,18460,151,0,9 1 10,0,58,,18428,151,0,9 1 10,0,15,,18414,151,0,9 1 10,0,14,,18468,151,0,9 1 10,0,14,,18408,151,0,9 1 10,0,56,,18447,151,0,9 1 10,0,17,,18431,151,0,9 1 10,0,17,,18427,151,0,9 1 10,0,57,,18464,151,0,9 1 10,0,16,,18466,151,0,9 1 10,0,15,,18418,151,0,9 1 10,0,15,,18429,151,0,9 1 10,0,55,,18452,151,0,9 1 10,0,16,,18446,151,0,9 1 10,0,16,,18459,151,0,9 1 10,0,13,,18402,151,0,9 1 10,0,54,,18463,151,0,9 1 10,0,14,,18434,151,0,9 1 10,0,14,,18444,151,0,9 1 10,0,14,,18440,151,0,9 1 10,0,53,,18405,151,0,9 1 10,0,15,,18403,151,0,9 1 10,0,16,,18424,151,0,9 1 10,0,15,,18437,151,0,9 1 10,0,11,,18417,151,0,9 1 10,0,60,,18401,151,0,9 1 10,0,14,,18399,151,0,9 1 10,0,14,,18461,151,0,9 1 10,0,14,,18441,151,0,9 1 10,0,54,,18396,151,0,9 1 10,0,16,,18435,151,0,9 1 10,0,14,,18433,151,0,9 1 10,0,16,,18419,151,0,9 1 10,0,55,,18412,151,0,9 1 10,0,15,,18413,151,0,9 1 10,0,14,,18451,151,0,9 1 10,0,14,,18453,151,0,9 1 10,0,54,,18395,151,0,9 1 10,0,15,,18467,151,0,9 1 10,0,11,,18421,151,0,9 1 10,0,19,,18393,151,0,9 1 10,0,52,,18422,151,0,9 1 10,0,15,,18397,151,0,9 1 10,0,11,,18432,151,0,9 1 10,0,14,,18430,151,0,9 1 10,0,11,,18394,151,0,9 1 10,0,62,,18454,151,0,9 1 10,0,16,,18406,151,0,9 1 10,0,19,,18469,151,0,9 1 10,0,54,,18465,151,0,9 1 10,0,14,,18458,151,0,9 1 10,0,14,,18425,151,0,9 1 10,0,14,,18455,151,0,9 1 10,0,50,,18436,151,0,9 1 10,0,16,,18404,151,0,9 1 10,0,17,,18423,151,0,9 1 10,0,15,,18439,151,4,,0,54,,18409,151,0,9 1 10,0,14,,18450,151,4,,0
5104,'55f98007-25ae-4999-903a-9517a72acc76',620,,18491,151,0,9 1 10,0,15,,18534,151,0,9 1 10,0,15,,18526,151,0,9 1 10,0,55,,18516,151,0,9 1 10,0,15,,18498,151,0,9 1 10,0,14,,18519,151,0,9 1 10,0,14,,18506,151,0,9 1 10,0,61,,18529,151,0,9 1 10,0,15,,18527,151,0,9 1 10,0,15,,18515,151,0,9 1 10,0,15,,18489,151,0,9 1 10,0,55,,18474,151,0,9 1 10,0,18,,18523,151,0,9 1 10,0,18,,18479,151,0,9 1 10,0,58,,18530,151,0,9 1 10,0,16,,18520,151,0,9 1 10,0,15,,18500,151,0,9 1 10,0,15,,18488,151,0,9 1 10,0,63,,18472,151,0,9 1 10,0,18,,18533,151,0,9 1 10,0,22,,18531,151,0,9 1 10,0,56,,18477,151,0,9 1 10,0,16,,18518,151,0,9 1 10,0,12,,18512,151,0,9 1 10,0,12,,18517,151,0,9 1 10,0,52,,18471,151,0,9 1 10,0,23,,18486,151,0,9 1 10,0,19,,18514,151,0,9 1 10,0,59,,18536,151,0,9 1 10,0,16,,18482,151,0,9 1 10,0,16,,18493,151,0,9 1 10,0,16,,18485,151,0,9 1 10,0,58,,18537,151,0,9 1 10,0,16,,18528,151,0,9 1 10,0,16,,18524,151,0,9 1 10,0,18,,18478,151,0,9 1 10,0,56,,18481,151,0,9 1 10,0,17,,18496,151,0,9 1 10,0,16,,18494,151,0,9 1 10,0,59,,18507,151,0,9 1 10,0,16,,18476,151,0,9 1 10,0,16,,18484,151,0,9 1 10,0,20,,18505,151,0,9 1 10,0,55,,18503,151,0,9 1 10,0,16,,18473,151,0,9 1 10,0,16,,18497,151,0,9 1 10,0,11,,18508,151,0,9 1 10,0,57,,18499,151,0,9 1 10,0,17,,18504,151,0,9 1 10,0,18,,18483,151,0,9 1 10,0,58,,18480,151,0,9 1 10,0,16,,18487,151,0,9 1 10,0,13,,18510,151,0,9 1 10,0,17,,18535,151,0,9 1 10,0,57,,18501,151,0,9 1 10,0,18,,18532,151,0,9 1 10,0,18,,18470,151,0,9 1 10,0,56,,18511,151,0,9 1 10,0,15,,18522,151,0,9 1 10,0,16,,18513,151,0,9 1 10,0,17,,18492,151,0,9 1 10,0,55,,18521,151,0,9 1 10,0,16,,18525,151,0,9 1 10,0
5104,'aebab1a8-3c1a-47f7-a9ad-73a4dd0b203e',928,,18548,151,0,9 1 10,0,20,,18566,151,0,9 1 10,0,58,,18559,151,0,9 1 10,0,20,,18555,151,0,9 1 10,0,9,,18552,151,0,9 1 10,0,77,,18557,151,0,9 1 10,0,20,,18564,151,0,9 1 10,0,18,,18541,151,0,9 1 10,0,58,,18551,151,0,9 1 10,0,18,,18561,151,0,9 1 10,0,18,,18554,151,0,9 1 10,0,60,,18539,151,0,9 1 10,0,18,,18538,151,0,9 1 10,0,18,,18542,151,0,9 1 10,0,18,,18569,151,0,9 1 10,0,58,,18546,151,0,9 1 10,0,18,,18568,151,0,9 1 10,0,23,,18567,151,0,9 1 10,0,58,,18553,151,0,9 1 10,0,18,,18550,151,0,9 1 10,0,18,,18545,151,0,9 1 10,0,58,,18556,151,0,9 1 10,0,18,,18565,151,0,9 1 10,0,20,,18558,151,0,9 1 10,0,60,,18543,151,0,9 1 10,0,19,,18560,151,0,9 1 10,0,16,,18562,151,0,9 1 10,0,58,,18540,151,0,9 1 10,0,18,,18549,151,0,9 1 10,0,4,,18544,151,0,9 1 10,0
6600,'3d6b7334-041d-4cdf-b33e-9fc06607d92b',620,,19062,0,,,0,110,,19062,263,4,,0,110,,19072,263,4,,0,60,,19063,0,,,0,110,,19066,0,,,0,110,,19066,263,4,,0,110,,19065,263,4,,0,115,,19071,320,4,,0,110,,19069,0,,,0,150,,19064,0,,,0,110,,19070,0,,,0,110,,19070,306,4,,0,115,,19068,0,,,0,100,,19068,306,4,,0
6600,'55f98007-25ae-4999-903a-9517a72acc76',630,,19075,0,,,0,100,,19076,0,,,0,100,,19076,263,4,,0,700,,19078,0,,,0,100,,19077,0,,,0,100,,19077,263,4,,0,100,,19074,263,4,,0
6600,'aebab1a8-3c1a-47f7-a9ad-73a4dd0b203e',1030,,19079,0,,,0,100,,19079,263,4,,0,100,,19082,0,,,0,100,,19082,263,4,,0,100,,19081,0,,,0,100,,19081,263,4,,0,100,,19080,0,,,0,100,,19080,263,4,,0
6700,'3d6b7334-041d-4cdf-b33e-9fc06607d92b',630,,19099,0,,,0,70,,19094,0,,,0,20,,19091,0,,,0,10,,19094,107,4,,0,2,,19095,0,,,0,75,,19089,0,,,0,35,,19089,107,4,,0,70,,19087,0,,,0,30,,19087,107,4,,0,70,,19092,0,,,0,30,,19092,107,4,,0,308,,19090,0,,,0,70,,19093,0,,,0,30,,19093,107,4,,0,80,,19088,0,,,0,75,,19085,0,,,0,35,,19085,107,4,,0,75,,19098,0,,,0,35,,19098,107,4,,0,70,,19096,107,4,,0,30,,19086,0,,,0,70,,19086,107,4,,0,30,,19097,0,,,0,70,,19097,107,4,,0
6700,'55f98007-25ae-4999-903a-9517a72acc76',630,,19103,0,,,0,70,,19103,107,4,,0,30,,19102,0,,,0,70,,19102,107,4,,0,30,,19105,0,,,0,70,,19105,107,4,,0,30,,19107,0,,,0,70,,19107,107,4,,0,30,,19108,0,,,0,70,,19108,107,4,,0,430,,19106,0,,,0,70,,19106,107,4,,0,30,,19104,0,,,0,70,,19104,107,4,,0,30,,19100,0,,,0,70,,19100,107,4,,0,30,,19101,0,,,0,70,,19101,107,4,,0,30,,19109,0,,,0,70,,19109,107,4,,0
6700,'aebab1a8-3c1a-47f7-a9ad-73a4dd0b203e',930,,19110,0,,,0,70,,19110,107,4,,0,130,,19114,0,,,0,70,,19114,107,4,,0,130,,19111,0,,,0,70,,19111,107,4,,0,130,,19112,0,,,0,70,,19112,107,4,,0,130,,19113,0,,,0,70,,19113,107,4,,0
6800,'3d6b7334-041d-4cdf-b33e-9fc06607d92b',630,,19126,0,,,0,70,,19126,168,4,,0,30,,19123,0,,,0,70,,19123,168,4,,0,30,,19124,168,4,,0,70,,19121,169,4,,0,42,,19116,0,,,0,70,,19116,169,4,,0,30,,19127,0,,,0,70,,19127,169,4,,0,418,,19122,0,,,0,70,,19118,0,,,0,30,,19118,168,4,,0,70,,19120,168,4,,0,30,,19129,0,,,0,70,,19129,169,4,,0,20,,19128,0,,,0,30,,19128,169,4,,0,70,,19117,0,,,0,30,,19117,169,4,,0,70,,19119,0,,,0,30,,19119,169,4,,0
6800,'55f98007-25ae-4999-903a-9517a72acc76',700,,19130,0,,,0,30,,19130,169,4,,0,70,,19137,0,,,0,30,,19137,169,4,,0,70,,19134,0,,,0,30,,19134,169,4,,0,70,,19136,0,,,0,30,,19136,169,4,,0,570,,19135,0,,,0,30,,19135,169,4,,0,70,,19131,0,,,0,30,,19131,169,4,,0,70,,19133,0,,,0,30,,19133,169,4,,0,70,,19138,0,,,0,30,,19138,168,4,,0,70,,19132,0,,,0,30,,19132,169,4,,0
6800,'aebab1a8-3c1a-47f7-a9ad-73a4dd0b203e',1000,,19143,0,,,0,30,,19143,169,4,,0,170,,19142,0,,,0,30,,19142,169,4,,0,170,,19141,0,,,0,30,,19141,169,4,,0,170,,19140,0,,,0,30,,19140,169,4,,0,170,,19139,0,,,0,30,,19139,169,4,,0
8100,'29bb4b7a-5d7b-4f78-bccd-adce0636a676',1015,,19152,0,,,0,100,,19151,0,,,0,100,,19146,0,,,0,100,,19150,0,,,0,100,,19150,244,4,,0,100,,19149,244,4,,0,100,,19145,0,,,0,100,,19145,244,4,,0,100,,19144,0,,,0,100,,19144,244,4,,0
8100,'3d6b7334-041d-4cdf-b33e-9fc06607d92b',2130,,19153,0,,,0,100,,19153,244,4,,0
8100,'55f98007-25ae-4999-903a-9517a72acc76',630,,19160,0,,,0,100,,19154,0,,,0,100,,19154,285,4,,0,100,,19157,285,4,,0,100,,19162,0,,,0,100,,19162,285,4,,0,100,,19159,285,4,,0,100,,19156,285,4,,0,100,,19155,0,,,0,100,,19155,285,4,,0,100,,19158,285,4,,0,100,,19164,0,,,0,100,,19164,285,4,,0,100,,19165,0,,,0,100,,19161,0,,,0,100,,19161,285,4,,0,100,,19163,244,4,,0
8100,'aebab1a8-3c1a-47f7-a9ad-73a4dd0b203e',1030,,19169,0,,,0,100,,19169,285,4,,0,100,,19170,285,4,,0,100,,19168,0,,,0,100,,19174,0,,,0,100,,19174,285,4,,0,100,,19173,0,,,0,100,,19173,285,4,,0,100,,19171,334,4,,0
8200,'55f98007-25ae-4999-903a-9517a72acc76',930,,19176,0,,,0,100,,19176,373,4,,0,300,,19175,0,,,0,100,,19175,373,4,,0
8200,'aebab1a8-3c1a-47f7-a9ad-73a4dd0b203e',1230,,19177,0,,,0,100,,19177,373,4,,0
8600,'3d6b7334-041d-4cdf-b33e-9fc06607d92b',545,,19202,0,,,0,75,,19199,0,,,0,35,,19199,128,4,,0,75,,19217,128,4,,0,80,,19218,0,,,0,40,,19218,128,4,,0,80,,19210,0,,,0,75,,19206,0,,,0,35,,19206,128,4,,0,75,,19198,0,,,0,35,,19215,0,,,0,75,,19219,0,,,0,75,,19200,0,,,0,35,,19200,128,4,,0,75,,19203,0,,,0,35,,19203,128,4,,0,75,,19194,0,,,0,35,,19194,128,4,,0,75,,19197,128,4,,0,80,,19208,0,,,0,40,,19208,128,4,,0,75,,19207,128,4,,0,5,,19204,0,,,0,75,,19204,128,4,,0,35,,19209,0,,,0,75,,19209,128,4,,0,35,,19216,0,,,0,75,,19216,127,4,,0
