5101,'595d987c-b6af-4553-91b7-dc23a0d7ec1c',615,,19988,132,,,0,15,,19931,132,,,0,15,,19985,132,,,0,55,,19978,132,,,0,15,,19967,132,,,0,14,,19981,132,,,0,14,,19974,132,,,0,61,,19937,132,,,0,15,,19942,132,,,0,15,,19963,132,,,0,15,,19952,132,,,0,55,,19949,132,,,0,18,,19950,132,,,0,18,,19971,132,,,0,18,,19933,132,,,0,56,,19990,132,,,0,15,,19959,132,,,0,15,,19953,132,,,0,63,,19941,132,,,0,18,,19964,132,,,0,21,,19943,132,,,0,56,,19986,132,,,0,16,,19976,132,,,0,12,,19962,132,,,0,12,,19940,132,,,0,12,,19982,132,,,0,63,,19989,132,,,0,19,,19934,132,,,0,19,,19973,132,,,0,56,,19980,132,,,0,16,,19961,132,,,0,16,,19968,132,,,0,58,,19998,132,,,0,16,,19993,132,,,0,16,,19983,132,,,0,18,,19951,132,,,0,56,,19957,132,,,0,17,,19936,132,,,0,16,,19992,132,,,0,19,,19984,132,,,0,56,,19995,132,,,0,16,,19994,132,,,0,20,,19946,132,,,0,55,,19987,132,,,0,16,,19975,132,,,0,16,,19965,132,,,0,12,,19970,132,,,0,57,,19960,132,,,0,17,,19939,132,,,0,18,,19948,132,,,0,58,,19944,132,,,0,16,,19955,132,,,0,13,,19945,132,,,0,17,,19935,132,,,0,57,,19997,132,,,0,18,,19932,132,,,0,18,,19954,132,,,0,16,,19991,132,,,0,55,,19966,132,,,0,16,,19996,132,,,0,17,,19947,132,,,0,15,,19977,132,,,0,56,,19979,132,,,0
5101,'d01a14a4-d6a9-4013-8e71-e69303fb0b13',1024,,20010,132,,,0,78,,20003,132,,,0,35,,20005,132,,,0,75,,20000,132,,,0,35,,20009,132,,,0,75,,20007,132,,,0,35,,20008,132,,,0,75,,20002,132,,,0,75,,20013,132,,,0,35,,20011,132,,,0,75,,20001,132,,,0,35,,20006,132,,,0,75,,20014,132,,,0,75,,20004,132,,,0,35,,20012,132,,,0,73,,19999,132,,,0
5101,'d3716f81-b7c0-479c-ad60-6712cf7781f4',923,,20020,132,,,0,20,,20031,132,,,0,58,,20042,132,,,0,20,,20038,132,,,0,9,,20034,132,,,0,76,,20035,132,,,0,20,,20015,132,,,0,18,,20036,132,,,0,58,,20037,132,,,0,18,,20021,132,,,0,18,,20033,132,,,0,20,,20041,132,,,0,58,,20016,132,,,0,18,,20023,132,,,0,18,,20017,132,,,0,58,,20044,132,,,0,18,,20039,132,,,0,23,,20040,132,,,0,58,,20022,132,,,0,18,,20027,132,,,0,18,,20028,132,,,0,58,,20024,132,,,0,18,,20029,132,,,0,20,,20018,132,,,0,60,,20045,132,,,0,19,,20019,132,,,0,16,,20046,132,,,0,18,,20043,132,,,0,58,,20030,132,,,0,5,,20032,132,,,0
5101,'f394ee2a-c90c-4cfe-bbfc-c5340e68ee20',608,,20052,132,,,0,18,,20063,132,,,0,13,,20109,132,,,0,13,,20051,132,,,0,57,,20116,132,,,0,14,,20078,132,,,0,24,,20068,132,,,0,53,,20124,132,,,0,19,,20102,132,,,0,17,,20122,132,,,0,15,,20047,132,,,0,58,,20087,132,,,0,15,,20094,132,,,0,14,,20075,132,,,0,14,,20059,132,,,0,56,,20112,132,,,0,17,,20061,132,,,0,17,,20100,132,,,0,17,,20067,132,,,0,56,,20093,132,,,0,15,,20086,132,,,0,15,,20060,132,,,0,55,,20065,132,,,0,16,,20083,132,,,0,16,,20080,132,,,0,13,,20056,132,,,0,14,,20092,132,,,0,54,,20070,132,,,0,13,,20103,132,,,0,14,,20081,132,,,0,14,,20111,132,,,0,55,,20119,132,,,0,16,,20108,132,,,0,15,,20082,132,,,0,11,,20057,132,,,0,60,,20110,132,,,0,14,,20066,132,,,0,14,,20118,132,,,0,14,,20117,132,,,0,54,,20115,132,,,0,16,,20084,132,,,0,14,,20098,132,,,0,16,,20054,132,,,0,55,,20049,132,,,0,15,,20073,132,,,0,14,,20072,132,,,0,14,,20114,132,,,0,54,,20099,132,,,0,15,,20105,132,,,0,11,,20058,132,,,0,19,,20048,132,,,0,52,,20123,132,,,0,15,,20088,132,,,0,12,,20069,132,,,0,14,,20085,132,,,0,11,,20097,132,,,0,62,,20074,132,,,0,16,,20050,132,,,0,19,,20089,132,,,0,54,,20104,132,,,0,14,,20107,132,,,0,14,,20091,132,,,0,14,,20101,132,,,0,10,,20055,132,,,0,56,,20064,132,,,0,17,,20090,132,,,0,15,,20076,132,,,0,14,,20062,132,,,0,54,,20113,132,,,0
6600,'595d987c-b6af-4553-91b7-dc23a0d7ec1c',725,,20621,246,,,0,100,,20617,246,,,0,800,,20618,246,,,0,100,,20619,246,,,0,100,,20620,246,,,0
6600,'d3716f81-b7c0-479c-ad60-6712cf7781f4',1125,,20623,246,,,0,200,,20625,246,,,0,200,,20622,246,,,0,200,,20624,246,,,0
6600,'f394ee2a-c90c-4cfe-bbfc-c5340e68ee20',725,,20634,246,,,0,110,,20629,246,,,0,170,,20632,246,,,0,109,,20626,246,,,0,111,,20635,246,,,0,114,,20637,304,0,8,0,110,,20633,281,,,0,110,,20627,281,,,0,150,,20631,281,,,0,110,,20628,281,,,0,116,,20630,366,,,0,101,,20636,281,,,0
6700,'595d987c-b6af-4553-91b7-dc23a0d7ec1c',630,,20642,7,,,0,100,,20641,7,,,0,100,,20644,7,,,0,100,,20647,7,,,0,100,,20639,7,,,0,500,,20640,7,,,0,100,,20643,7,,,0,100,,20638,7,,,0,100,,20645,7,,,0,100,,20646,7,,,0
6700,'d3716f81-b7c0-479c-ad60-6712cf7781f4',930,,20648,7,,,0,200,,20651,7,,,0,200,,20650,7,,,0,200,,20652,7,,,0,200,,20649,7,,,0
6700,'f394ee2a-c90c-4cfe-bbfc-c5340e68ee20',631,,20669,7,,,0,70,,20658,7,,,0,20,,20655,7,,,0,12,,20662,7,,,0,75,,20668,7,,,0,35,,20653,7,,,0,70,,20657,7,,,0,100,,20667,7,,,0,338,,20663,7,,,0,70,,20654,7,,,0,110,,20659,7,,,0,75,,20660,7,,,0,35,,20656,7,,,0,75,,20665,7,,,0,35,,20664,7,,,0,100,,20666,7,,,0,100,,20661,7,,,0
9400,'595d987c-b6af-4553-91b7-dc23a0d7ec1c',710,,20822,222,,,0,45,,20832,222,,,0,85,,20823,222,,,0,85,,20833,222,,,0,86,,20834,222,,,0,46,,20824,222,,,0,87,,20840,222,,,0,87,,20838,222,,,0,87,,20836,222,,,0,87,,20821,222,,,0,47,,20835,222,,,0,86,,20828,222,,,0,85,,20827,222,,,0,85,,20830,222,,,0,45,,20831,222,,,0,86,,20829,222,,,0,86,,20826,222,,,0,86,,20839,222,,,0,46,,20825,222,,,0,86,,20837,222,,,0
9400,'d3716f81-b7c0-479c-ad60-6712cf7781f4',1010,,20850,222,,,0,45,,20847,222,,,0,85,,20848,222,,,0,86,,20851,222,,,0,86,,20846,222,,,0,46,,20849,222,,,0,86,,20844,222,,,0,86,,20845,222,,,0,87,,20842,222,,,0,87,,20841,222,,,0,47,,20843,222,,,0
9400,'f394ee2a-c90c-4cfe-bbfc-c5340e68ee20',718,,20852,222,,,0,91,,20866,222,,,0,93,,20861,222,,,0,48,,20859,222,,,0,88,,20870,222,,,0,88,,20856,222,,,0,88,,20855,222,,,0,88,,20853,222,,,0,48,,20865,222,,,0,88,,20867,222,,,0,88,,20863,222,,,0,88,,20862,222,,,0,90,,20869,222,,,0,48,,20857,222,,,0,88,,20864,222,,,0,86,,20868,222,,,0,85,,20858,222,,,0,45,,20860,222,,,0,86,,20854,222,,,0
9800,'595d987c-b6af-4553-91b7-dc23a0d7ec1c',710,,20938,94,,,0,44,,20923,94,,,0,84,,20934,94,,,0,84,,20922,94,,,0,84,,20929,94,,,0,44,,20936,94,,,0,84,,20933,94,,,0,84,,20926,94,,,0,84,,20932,94,,,0,44,,20941,94,,,0,84,,20937,94,,,0,84,,20930,94,,,0,44,,20931,94,,,0,84,,20925,94,,,0,84,,20935,94,,,0,84,,20924,94,,,0,44,,20940,94,,,0,84,,20921,94,,,0,84,,20939,94,,,0,84,,20927,94,,,0,44,,20928,94,,,0
9800,'d3716f81-b7c0-479c-ad60-6712cf7781f4',1010,,20944,94,,,0,44,,20945,94,,,0,84,,20950,94,,,0,84,,20947,94,,,0,84,,20948,94,,,0,44,,20951,94,,,0,84,,20952,94,,,0,84,,20953,94,,,0,84,,20946,94,,,0,44,,20942,94,,,0,84,,20943,94,,,0,84,,20949,94,,,0
9800,'f394ee2a-c90c-4cfe-bbfc-c5340e68ee20',711,,20972,94,,,0,44,,20959,94,,,0,84,,20961,94,,,0,84,,20962,94,,,0,84,,20971,94,,,0,44,,20970,94,,,0,84,,20973,94,,,0,84,,20963,94,,,0,84,,20968,94,,,0,44,,20954,94,,,0,84,,20957,94,,,0,84,,20958,94,,,0,88,,20969,94,,,0,48,,20964,94,,,0,88,,20967,94,,,0,88,,20966,94,,,0,84,,20965,94,,,0,44,,20974,94,,,0,84,,20960,94,,,0,84,,20956,94,,,0,84,,20955,94,,,0
1009400,'595d987c-b6af-4553-91b7-dc23a0d7ec1c',649,,21029,90,,,0,83,,21035,90,,,0,83,,21039,90,,,0,43,,21048,90,,,0,83,,21038,90,,,0,84,,21032,90,,,0,85,,21041,90,,,0,45,,21031,90,,,0,85,,21036,90,,,0,85,,21047,90,,,0,85,,21037,90,,,0,44,,21046,90,,,0,83,,21030,90,,,0,83,,21033,90,,,0,83,,21034,90,,,0,43,,21040,90,,,0,83,,21043,90,,,0,83,,21045,90,,,0,43,,21042,90,,,0,83,,21044,90,,,0,83,,21049,90,,,0
1009400,'d3716f81-b7c0-479c-ad60-6712cf7781f4',949,,21054,90,,,0,83,,21061,90,,,0,83,,21050,90,,,0,44,,21055,90,,,0,84,,21060,90,,,0,84,,21059,90,,,0,84,,21058,90,,,0,44,,21056,90,,,0,84,,21052,90,,,0,84,,21051,90,,,0,84,,21057,90,,,0,44,,21053,90,,,0
1009400,'f394ee2a-c90c-4cfe-bbfc-c5340e68ee20',649,,21064,90,,,0,86,,21076,90,,,0,87,,21065,90,,,0,88,,21075,90,,,0,47,,21073,90,,,0,85,,21067,90,,,0,85,,21062,90,,,0,85,,21079,90,,,0,45,,21077,90,,,0,85,,21063,90,,,0,85,,21066,90,,,0,85,,21082,90,,,0,45,,21070,90,,,0,85,,21080,90,,,0,86,,21081,90,,,0,84,,21071,90,,,0,44,,21068,90,,,0,83,,21072,90,,,0,83,,21078,90,,,0,83,,21074,90,,,0,43,,21069,90,,,0
