5000,'29bb4b7a-5d7b-4f78-bccd-adce0636a676',1013,,18092,95,,,0,35,,18099,95,,,0,75,,18083,95,,,0,35,,18090,95,,,0,75,,18084,95,,,0,75,,18091,95,,,0,35,,18087,95,,,0,75,,18097,95,,,0,35,,18096,95,,,0,75,,18085,95,,,0,75,,18098,95,,,0,35,,18089,95,,,0,75,,18086,95,,,0,35,,18093,95,,,0,75,,18088,72,,,0,35,,18094,72,,,0
5000,'3d6b7334-041d-4cdf-b33e-9fc06607d92b',631,,18109,95,,,0,24,,18116,95,,,0,64,,18101,95,,,0,26,,18127,95,,,0,66,,18120,95,,,0,26,,18103,95,,,0,66,,18118,95,,,0,26,,18106,95,,,0,26,,18129,95,,,0,66,,18126,70,,,0,26,,18108,95,,,0,68,,18110,95,,,0,85,,18113,95,,,0,34,,18100,95,,,0,85,,18128,95,,,0,34,,18111,95,,,0,68,,18104,95,,,0,25,,18131,95,,,0,69,,18130,95,,,0,28,,18134,95,,,0,68,,18117,95,,,0,26,,18133,95,,,0,74,,18125,95,,,0,33,,18119,95,,,0,67,,18107,95,,,0,32,,18102,95,,,0,64,,18112,95,,,0,24,,18135,95,,,0,26,,18105,72,,,0,67,,18132,95,,,0,23,,18123,95,,,0,90,,18121,95,,,0,63,,18122,72,,,0,50,,18114,72,,,0
5000,'55f98007-25ae-4999-903a-9517a72acc76',718,,18157,95,,,0,35,,18143,95,,,0,75,,18138,95,,,0,75,,18158,95,,,0,35,,18154,95,,,0,75,,18162,95,,,0,35,,18147,95,,,0,75,,18150,95,,,0,78,,18153,95,,,0,37,,18149,95,,,0,80,,18141,95,,,0,37,,18159,95,,,0,80,,18137,95,,,0,77,,18160,95,,,0,40,,18155,95,,,0,77,,18148,95,,,0,80,,18136,95,,,0,37,,18156,95,,,0,75,,18151,95,,,0,37,,18152,95,,,0,75,,18140,95,,,0,75,,18161,95,,,0,35,,18144,95,,,0,75,,18142,72,,,0,35,,18139,72,,,0
5000,'aebab1a8-3c1a-47f7-a9ad-73a4dd0b203e',937,,18165,95,,,0,76,,18181,95,,,0,35,,18171,95,,,0,75,,18164,95,,,0,35,,18170,95,,,0,75,,18179,95,,,0,75,,18177,95,,,0,35,,18166,95,,,0,75,,18178,95,,,0,35,,18168,95,,,0,75,,18173,95,,,0,75,,18175,95,,,0,35,,18180,95,,,0,75,,18169,95,,,0,35,,18176,72,,,0
5104,'29bb4b7a-5d7b-4f78-bccd-adce0636a676',1042,,18391,70,0,9 1 10,0,75,,18381,70,0,9 1 10,0,35,,18377,70,0,9 1 10,0,75,,18390,70,0,9 1 10,0,75,,18386,70,0,9 1 10,0,35,,18379,70,0,9 1 10,0,75,,18382,70,0,9 1 10,0,35,,18376,70,0,9 1 10,0,75,,18387,70,0,9 1 10,0,35,,18384,70,0,9 1 10,0,75,,18378,70,0,9 1 10,0,75,,18380,70,0,9 1 10,0,35,,18389,70,0,9 1 10,0,75,,18383,70,0,9 1 10,0,35,,18388,70,0,9 1 10,0
5104,'3d6b7334-041d-4cdf-b33e-9fc06607d92b',611,,18398,70,0,9 1 10,0,13,,18445,70,0,9 1 10,0,13,,18448,70,0,9 1 10,0,15,,18400,70,0,9 1 10,0,54,,18415,70,0,9 1 10,0,22,,18416,70,0,9 1 10,0,12,,18426,70,0,9 1 10,0,16,,18456,70,0,9 1 10,0,57,,18449,70,0,9 1 10,0,16,,18460,70,0,9 1 10,0,18,,18428,70,0,9 1 10,0,55,,18414,70,0,9 1 10,0,14,,18468,70,0,9 1 10,0,14,,18408,70,0,9 1 10,0,16,,18447,70,0,9 1 10,0,57,,18431,70,0,9 1 10,0,17,,18427,70,0,9 1 10,0,17,,18464,70,0,9 1 10,0,16,,18466,70,0,9 1 10,0,55,,18418,70,0,9 1 10,0,15,,18429,70,0,9 1 10,0,15,,18452,70,0,9 1 10,0,16,,18446,70,0,9 1 10,0,56,,18459,70,0,9 1 10,0,13,,18402,70,0,9 1 10,0,14,,18463,70,0,9 1 10,0,14,,18434,70,0,9 1 10,0,51,,18392,70,0,9 1 10,0,14,,18457,70,0,9 1 10,0,16,,18462,70,0,9 1 10,0,15,,18403,70,0,9 1 10,0,56,,18424,70,0,9 1 10,0,15,,18437,70,0,9 1 10,0,11,,18443,70,0,9 1 10,0,20,,18438,70,0,9 1 10,0,54,,18399,70,0,9 1 10,0,14,,18461,70,0,9 1 10,0,14,,18441,70,0,9 1 10,0,14,,18396,70,0,9 1 10,0,55,,18435,70,0,9 1 10,0,15,,18433,70,0,9 1 10,0,16,,18419,70,0,9 1 10,0,15,,18412,70,0,9 1 10,0,55,,18413,70,0,9 1 10,0,14,,18451,70,0,9 1 10,0,14,,18453,70,0,9 1 10,0,14,,18395,70,0,9 1 10,0,15,,18467,70,0,9 1 10,0,51,,18421,70,0,9 1 10,0,19,,18393,70,0,9 1 10,0,12,,18422,70,0,9 1 10,0,15,,18397,70,0,9 1 10,0,54,,18432,70,0,9 1 10,0,14,,18430,70,0,9 1 10,0,11,,18394,70,0,9 1 10,0,22,,18454,70,0,9 1 10,0,56,,18406,70,0,9 1 10,0,19,,18469,70,0,9 1 10,0,14,,18465,70,0,9 1 10,0,14,,18458,70,0,9 1 10,0,54,,18425,70,0,9 1 10,0,14,,18455,70,0,9 1 10,0,10,,18436,70,0,9 1 10,0,16,,18404,70,0,9 1 10,0,57,,18423,70,0,9 1 10,0,15,,18439,70,0,9 1 10,0,14,,18409,70,0,9 1 10,0,14,,18450,70,0,9 1 10,0,54,,18411,69,0,9 1 10,0,9,,18442,69,0,9 1 10,0,12,,18420,69,0,9 1 10,0,16,,18410,69,0,9 1 10,0
5104,'55f98007-25ae-4999-903a-9517a72acc76',613,,18534,70,0,9 1 10,0,15,,18526,70,0,9 1 10,0,15,,18516,70,0,9 1 10,0,15,,18498,70,0,9 1 10,0,54,,18519,70,0,9 1 10,0,14,,18506,70,0,9 1 10,0,19,,18529,70,0,9 1 10,0,55,,18527,70,0,9 1 10,0,15,,18515,70,0,9 1 10,0,15,,18489,70,0,9 1 10,0,15,,18474,70,0,9 1 10,0,57,,18523,70,0,9 1 10,0,18,,18479,70,0,9 1 10,0,18,,18530,70,0,9 1 10,0,16,,18520,70,0,9 1 10,0,55,,18500,70,0,9 1 10,0,15,,18488,70,0,9 1 10,0,23,,18472,70,0,9 1 10,0,58,,18533,70,0,9 1 10,0,19,,18531,70,0,9 1 10,0,16,,18477,70,0,9 1 10,0,16,,18518,70,0,9 1 10,0,52,,18512,70,0,9 1 10,0,12,,18517,70,0,9 1 10,0,12,,18471,70,0,9 1 10,0,23,,18486,70,0,9 1 10,0,59,,18514,70,0,9 1 10,0,19,,18536,70,0,9 1 10,0,16,,18475,70,0,9 1 10,0,56,,18495,70,0,9 1 10,0,16,,18485,70,0,9 1 10,0,18,,18537,70,0,9 1 10,0,16,,18528,70,0,9 1 10,0,56,,18524,70,0,9 1 10,0,18,,18478,70,0,9 1 10,0,16,,18481,70,0,9 1 10,0,57,,18496,70,0,9 1 10,0,16,,18494,70,0,9 1 10,0,19,,18507,70,0,9 1 10,0,16,,18476,70,0,9 1 10,0,56,,18484,70,0,9 1 10,0,20,,18505,70,0,9 1 10,0,15,,18503,70,0,9 1 10,0,56,,18473,70,0,9 1 10,0,16,,18497,70,0,9 1 10,0,14,,18508,70,0,9 1 10,0,17,,18499,70,0,9 1 10,0,57,,18504,70,0,9 1 10,0,18,,18483,70,0,9 1 10,0,18,,18480,70,0,9 1 10,0,16,,18487,70,0,9 1 10,0,53,,18510,70,0,9 1 10,0,17,,18535,70,0,9 1 10,0,17,,18501,70,0,9 1 10,0,58,,18532,70,0,9 1 10,0,18,,18470,70,0,9 1 10,0,16,,18511,70,0,9 1 10,0,15,,18522,70,0,9 1 10,0,56,,18513,70,0,9 1 10,0,17,,18492,70,0,9 1 10,0,17,,18521,70,0,9 1 10,0,16,,18525,70,0,9 1 10,0,56,,18490,69,0,9 1 10,0,17,,18509,69,0,9 1 10,0,12,,18502,69,0,9 1 10,0
5104,'aebab1a8-3c1a-47f7-a9ad-73a4dd0b203e',924,,18566,70,0,9 1 10,0,18,,18559,70,0,9 1 10,0,60,,18555,70,0,9 1 10,0,12,,18552,70,0,9 1 10,0,30,,18557,70,0,9 1 10,0,60,,18564,70,0,9 1 10,0,18,,18541,70,0,9 1 10,0,18,,18551,70,0,9 1 10,0,18,,18561,70,0,9 1 10,0,58,,18554,70,0,9 1 10,0,20,,18539,70,0,9 1 10,0,18,,18538,70,0,9 1 10,0,58,,18542,70,0,9 1 10,0,18,,18569,70,0,9 1 10,0,18,,18546,70,0,9 1 10,0,58,,18568,70,0,9 1 10,0,22,,18567,70,0,9 1 10,0,18,,18553,70,0,9 1 10,0,58,,18550,70,0,9 1 10,0,18,,18545,70,0,9 1 10,0,18,,18556,70,0,9 1 10,0,18,,18565,70,0,9 1 10,0,60,,18558,70,0,9 1 10,0,20,,18543,70,0,9 1 10,0,19,,18560,70,0,9 1 10,0,58,,18562,70,0,9 1 10,0,18,,18540,70,0,9 1 10,0,18,,18549,70,0,9 1 10,0,50,,18544,70,0,9 1 10,0,19,,18547,69,0,9 1 10,0,20,,18563,69,0,9 1 10,0
6200,'29bb4b7a-5d7b-4f78-bccd-adce0636a676',1042,,18754,194,,,0,75,,18755,194,,,0,35,,18756,194,,,0,75,,18747,194,,,0,75,,18759,194,,,0,35,,18750,194,,,0,75,,18760,194,,,0,35,,18751,194,,,0,75,,18753,194,,,0,35,,18748,194,,,0,75,,18749,194,,,0,75,,18758,194,,,0,35,,18761,194,,,0,75,,18757,194,,,0,35,,18752,194,,,0
6200,'3d6b7334-041d-4cdf-b33e-9fc06607d92b',648,,18779,194,,,0,81,,18765,194,,,0,81,,18777,194,,,0,41,,18767,194,,,0,81,,18766,194,,,0,81,,18775,194,,,0,41,,18783,194,,,0,81,,18774,194,,,0,81,,18764,194,,,0,41,,18770,194,,,0,81,,18763,194,,,0,81,,18768,194,,,0,81,,18786,194,,,0,45,,18782,194,,,0,86,,18785,194,,,0,86,,18781,194,,,0,86,,18769,194,,,0,46,,18771,194,,,0,82,,18772,194,,,0,81,,18762,194,,,0,41,,18780,194,,,0,81,,18773,194,,,0,81,,18776,194,,,0,41,,18784,194,,,0,81,,18778,195,,,0
6200,'55f98007-25ae-4999-903a-9517a72acc76',648,,18791,194,,,0,81,,18796,194,,,0,81,,18793,194,,,0,41,,18804,194,,,0,81,,18808,194,,,0,81,,18807,194,,,0,41,,18809,194,,,0,81,,18810,194,,,0,81,,18797,194,,,0,41,,18799,194,,,0,81,,18811,194,,,0,81,,18802,194,,,0,81,,18790,194,,,0,45,,18795,194,,,0,86,,18803,194,,,0,86,,18806,194,,,0,86,,18801,194,,,0,46,,18798,194,,,0,82,,18792,194,,,0,81,,18789,194,,,0,41,,18800,194,,,0,81,,18787,194,,,0,81,,18805,194,,,0,41,,18794,194,,,0,81,,18788,195,,,0
6200,'aebab1a8-3c1a-47f7-a9ad-73a4dd0b203e',1053,,18820,194,,,0,81,,18815,194,,,0,81,,18821,194,,,0,41,,18823,194,,,0,81,,18816,194,,,0,81,,18817,194,,,0,41,,18818,194,,,0,81,,18822,194,,,0,81,,18813,194,,,0,81,,18812,194,,,0,41,,18814,194,,,0,81,,18819,195,,,0
6500,'3d6b7334-041d-4cdf-b33e-9fc06607d92b',651,,19004,32,,,0,75,,19013,32,,,0,76,,19002,32,,,0,36,,19007,32,,,0,83,,18999,32,,,0,30,,18992,32,,,0,70,,19017,32,,,0,30,,19011,32,,,0,70,,19010,32,,,0,30,,18990,32,,,0,70,,19015,32,,,0,30,,19001,32,,,0,70,,18995,32,,,0,30,,19009,32,,,0,70,,18998,32,,,0,30,,19006,32,,,0,70,,18991,32,,,0,30,,19003,32,,,0,80,,18993,32,,,0,80,,19016,32,,,0,40,,19014,32,,,0,70,,19012,32,,,0,30,,19000,32,,,0,70,,18997,32,,,0,30,,19008,32,,,0,70,,19005,32,,,0,30,,18994,32,,,0,70,,18996,32,,,0
6500,'55f98007-25ae-4999-903a-9517a72acc76',651,,19036,32,,,0,75,,19024,32,,,0,76,,19038,32,,,0,36,,19035,32,,,0,83,,19039,32,,,0,30,,19022,32,,,0,70,,19029,32,,,0,30,,19031,32,,,0,70,,19041,32,,,0,30,,19018,32,,,0,70,,19021,32,,,0,30,,19030,32,,,0,70,,19019,32,,,0,30,,19042,32,,,0,70,,19025,32,,,0,30,,19037,32,,,0,70,,19026,32,,,0,30,,19023,32,,,0,80,,19034,32,,,0,80,,19033,32,,,0,40,,19020,32,,,0,70,,19043,32,,,0,30,,19028,32,,,0,70,,19027,32,,,0,30,,19044,32,,,0,70,,19032,32,,,0,30,,19040,32,,,0,70,,19045,32,,,0
6500,'aebab1a8-3c1a-47f7-a9ad-73a4dd0b203e',1021,,19058,32,,,0,30,,19048,32,,,0,70,,19046,32,,,0,30,,19061,32,,,0,70,,19052,32,,,0,30,,19051,32,,,0,70,,19056,32,,,0,30,,19054,32,,,0,70,,19057,32,,,0,30,,19053,32,,,0,70,,19050,32,,,0,30,,19055,32,,,0,70,,19049,32,,,0,30,,19047,32,,,0,70,,19059,32,,,0,30,,19060,32,,,0
