1600,'595d987c-b6af-4553-91b7-dc23a0d7ec1c',1130,,19589,0,,,0,75,,19589,155,4,,0,35,,19593,0,,,0,75,,19593,155,4,,0,35,,19594,155,4,,0,75,,19586,0,,,0,75,,19586,155,4,,0,35,,19585,0,,,0,75,,19585,155,4,,0,35,,19587,155,4,,0,75,,19588,0,,,0,35,,19588,155,4,,0,75,,19592,0,,,0,75,,19592,164,4,,0
1600,'d3716f81-b7c0-479c-ad60-6712cf7781f4',1020,,19599,0,,,0,35,,19599,155,4,,0,75,,19609,0,,,0,75,,19609,155,4,,0,35,,19603,0,,,0,75,,19598,0,,,0,35,,19598,155,4,,0,75,,19607,0,,,0,75,,19607,155,4,,0,35,,19601,0,,,0,75,,19601,155,4,,0,35,,19606,0,,,0,75,,19606,155,4,,0,35,,19604,164,4,,0
1600,'f394ee2a-c90c-4cfe-bbfc-c5340e68ee20',645,,19612,0,,,0,70,,19617,0,,,0,35,,19625,0,,,0,75,,19625,155,4,,0,30,,19633,0,,,0,70,,19631,0,,,0,30,,19631,155,4,,0,70,,19618,155,4,,0,30,,19624,0,,,0,70,,19624,155,4,,0,30,,19616,0,,,0,80,,19619,0,,,0,75,,19628,0,,,0,35,,19628,155,4,,0,75,,19636,155,4,,0,35,,19613,155,4,,0,75,,19629,0,,,0,75,,19611,0,,,0,40,,19611,155,4,,0,80,,19630,0,,,0,80,,19610,0,,,0,30,,19610,155,4,,0,70,,19632,0,,,0,30,,19632,155,4,,0,70,,19615,155,4,,0,30,,19622,0,,,0,70,,19622,155,4,,0,30,,19621,164,4,,0
5000,'595d987c-b6af-4553-91b7-dc23a0d7ec1c',700,,19649,440,4,,0,5,,19637,0,,,0,35,,19644,440,4,,0,75,,19637,440,4,,0,35,,19654,0,,,0,75,,19661,440,4,,0,75,,19662,0,,,0,35,,19652,0,,,0,75,,19662,440,4,,0,35,,19652,440,4,,0,77,,19653,440,4,,0,80,,19648,440,4,,0,37,,19650,0,,,0,80,,19658,0,,,0,37,,19647,440,4,,0,80,,19658,440,4,,0,77,,19660,440,4,,0,40,,19663,0,,,0,77,,19638,0,,,0,78,,19663,440,4,,0,37,,19638,440,4,,0,73,,19640,440,4,,0,2,,19657,0,,,0,35,,19656,0,,,0,75,,19646,0,,,0,75,,19641,0,,,0,35,,19655,0,,,0
5000,'d01a14a4-d6a9-4013-8e71-e69303fb0b13',1000,,19682,0,,,0,35,,19671,404,4,,0,75,,19670,0,,,0,35,,19676,0,,,0,75,,19679,0,,,0,35,,19676,440,4,,0,75,,19675,0,,,0,75,,19666,0,,,0,35,,19675,440,4,,0,75,,19666,440,4,,0,35,,19665,0,,,0,75,,19678,0,,,0,75,,19665,440,4,,0,35,,19678,440,4,,0,75,,19681,0,,,0,35,,19674,0,,,0,10,,19677,0,,,0
5000,'d3716f81-b7c0-479c-ad60-6712cf7781f4',1000,,19697,440,4,,0,35,,19691,440,4,,0,75,,19689,440,4,,0,35,,19700,440,4,,0,75,,19692,440,4,,0,35,,19683,0,,,0,75,,19686,0,,,0,75,,19683,440,4,,0,35,,19693,0,,,0,75,,19688,0,,,0,35,,19693,440,4,,0,75,,19688,440,4,,0,75,,19699,0,,,0,35,,19684,0,,,0,70,,19685,0,,,0,5,,19690,0,,,0
5000,'f394ee2a-c90c-4cfe-bbfc-c5340e68ee20',638,,19727,0,,,0,62,,19718,440,4,,0,2,,19733,0,,,0,22,,19701,440,4,,0,4,,19712,0,,,0,20,,19727,440,4,,0,6,,19719,0,,,0,63,,19733,440,4,,0,3,,19713,0,,,0,23,,19712,440,4,,0,3,,19705,0,,,0,63,,19719,440,4,,0,3,,19731,0,,,0,23,,19713,440,4,,0,3,,19711,0,,,0,20,,19705,440,4,,0,46,,19706,0,,,0,22,,19731,440,4,,0,4,,19723,0,,,0,20,,19711,440,4,,0,8,,19702,0,,,0,56,,19706,397,4,,0,31,,19720,0,,,0,70,,19702,440,4,,0,3,,19729,0,,,0,84,,19720,440,4,,0,32,,19729,440,4,,0,2,,19725,0,,,0,68,,19728,0,,,0,15,,19716,440,4,,0,10,,19732,0,,,0,24,,19703,440,4,,0,5,,19724,0,,,0,62,,19728,440,4,,0,5,,19708,0,,,0,23,,19732,440,4,,0,4,,19710,0,,,0,65,,19724,440,4,,0,2,,19736,0,,,0,34,,19704,0,,,0,72,,19710,440,4,,0,27,,19736,440,4,,0,74,,19704,440,4,,0,24,,19717,440,4,,0,64,,19709,0,,,0,26,,19707,0,,,0,64,,19715,440,4,,0,3,,19726,0,,,0,20,,19709,440,4,,0,3,,19714,0,,,0,90,,19734,0,,,0,23,,19730,0,,,0,90,,19722,0,,,0
5100,'595d987c-b6af-4553-91b7-dc23a0d7ec1c',617,,19797,0,,,0,15,,19742,0,,,0,15,,19773,0,,,0,55,,19739,0,,,0,15,,19778,0,,,0,15,,19791,0,,,0,15,,19803,0,,,0,58,,19749,0,,,0,18,,19802,0,,,0,18,,19765,0,,,0,16,,19780,0,,,0,55,,19776,0,,,0,15,,19758,0,,,0,17,,19806,0,,,0,58,,19754,0,,,0,17,,19766,0,,,0,16,,19788,0,,,0,16,,19738,0,,,0,54,,19777,0,,,0,22,,19782,0,,,0,23,,19771,0,,,0,59,,19774,0,,,0,19,,19741,0,,,0,16,,19737,0,,,0,56,,19769,0,,,0,16,,19785,0,,,0,15,,19756,0,,,0,16,,19753,0,,,0,56,,19762,0,,,0,18,,19748,0,,,0,16,,19804,0,,,0,17,,19794,0,,,0,56,,19795,0,,,0,16,,19772,0,,,0,16,,19783,0,,,0,16,,19744,0,,,0,60,,19799,0,,,0,15,,19752,0,,,0,16,,19759,0,,,0,56,,19768,0,,,0,17,,19779,0,,,0,17,,19796,0,,,0,17,,19763,0,,,0,58,,19801,0,,,0,18,,19764,0,,,0,16,,19761,0,,,0,53,,19784,0,,,0,9,,19745,0,,,0,17,,19760,0,,,0,17,,19740,0,,,0,58,,19805,0,,,0,18,,19757,0,,,0,16,,19767,0,,,0,15,,19750,0,,,0,56,,19800,0,,,0,17,,19746,0,,,0,17,,19792,0,,,0,18,,19793,0,,,0,56,,19775,0,,,0,15,,19790,0,,,0,16,,19770,0,,,0,57,,19743,0,,,0
5100,'d01a14a4-d6a9-4013-8e71-e69303fb0b13',1015,,19821,0,,,0,35,,19816,0,,,0,75,,19813,0,,,0,75,,19809,0,,,0,35,,19807,0,,,0,75,,19820,0,,,0,35,,19818,0,,,0,75,,19814,0,,,0,35,,19812,0,,,0,75,,19810,0,,,0,75,,19817,0,,,0,35,,19822,0,,,0,75,,19811,0,,,0,35,,19815,0,,,0,75,,19808,0,,,0
5100,'d3716f81-b7c0-479c-ad60-6712cf7781f4',918,,19853,0,,,0,25,,19837,0,,,0,58,,19832,0,,,0,18,,19828,0,,,0,18,,19841,0,,,0,18,,19844,0,,,0,58,,19848,0,,,0,18,,19839,0,,,0,18,,19850,0,,,0,58,,19829,0,,,0,18,,19843,0,,,0,18,,19827,0,,,0,58,,19846,0,,,0,21,,19824,0,,,0,18,,19833,0,,,0,18,,19838,0,,,0,58,,19826,0,,,0,18,,19835,0,,,0,18,,19847,0,,,0,60,,19851,0,,,0,20,,19845,0,,,0,19,,19849,0,,,0,58,,19854,0,,,0,18,,19840,0,,,0,18,,19825,0,,,0,58,,19834,0,,,0,16,,19852,0,,,0,20,,19836,0,,,0,18,,19823,0,,,0,58,,19831,0,,,0
5100,'f394ee2a-c90c-4cfe-bbfc-c5340e68ee20',613,,19869,0,,,0,15,,19889,0,,,0,15,,19868,0,,,0,15,,19926,0,,,0,55,,19928,0,,,0,15,,19918,0,,,0,15,,19862,0,,,0,15,,19919,0,,,0,53,,19877,0,,,0,13,,19878,0,,,0,17,,19886,0,,,0,17,,19892,0,,,0,57,,19863,0,,,0,17,,19920,0,,,0,16,,19915,0,,,0,55,,19927,0,,,0,15,,19861,0,,,0,15,,19906,0,,,0,16,,19902,0,,,0,57,,19855,0,,,0,15,,19860,0,,,0,15,,19864,0,,,0,15,,19874,0,,,0,56,,19905,0,,,0,15,,19896,0,,,0,16,,19870,0,,,0,16,,19910,0,,,0,53,,19922,0,,,0,14,,19875,0,,,0,15,,19930,0,,,0,14,,19901,0,,,0,54,,19913,0,,,0,14,,19911,0,,,0,14,,19865,0,,,0,14,,19917,0,,,0,56,,19904,0,,,0,16,,19895,0,,,0,16,,19858,0,,,0,14,,19884,0,,,0,54,,19908,0,,,0,14,,19857,0,,,0,14,,19888,0,,,0,16,,19871,0,,,0,54,,19891,0,,,0,16,,19893,0,,,0,15,,19890,0,,,0,15,,19880,0,,,0,54,,19897,0,,,0,14,,19909,0,,,0,14,,19898,0,,,0,15,,19923,0,,,0,12,,19925,0,,,0,54,,19929,0,,,0,14,,19887,0,,,0,14,,19907,0,,,0,14,,19916,0,,,0,54,,19859,0,,,0,14,,19873,0,,,0,16,,19903,0,,,0,16,,19899,0,,,0,58,,19856,0,,,0,14,,19866,0,,,0,14,,19912,0,,,0,14,,19881,0,,,0,54,,19900,0,,,0,10,,19885,0,,,0,16,,19914,0,,,0,17,,19872,0,,,0,66,,19924,0,,,0
5101,'595d987c-b6af-4553-91b7-dc23a0d7ec1c',632,,19988,183,4,,0,15,,19931,183,4,,0,55,,19985,183,4,,0,15,,19978,183,4,,0,15,,19967,183,4,,0,14,,19981,183,4,,0,54,,19974,183,4,,0,22,,19937,183,4,,0,15,,19942,183,4,,0,15,,19963,183,4,,0,55,,19952,183,4,,0,15,,19949,183,4,,0,18,,19950,183,4,,0,18,,19971,183,4,,0,58,,19933,183,4,,0,16,,19990,183,4,,0,15,,19959,183,4,,0,55,,19953,183,4,,0,25,,19941,183,4,,0,18,,19964,183,4,,0,64,,19943,183,4,,0,16,,19986,183,4,,0,16,,19976,183,4,,0,12,,19962,183,4,,0,52,,19940,183,4,,0,12,,19982,183,4,,0,23,,19989,183,4,,0,19,,19934,183,4,,0,59,,19973,183,4,,0,12,,19958,183,4,,0,20,,19972,183,4,,0,56,,19968,183,4,,0,18,,19998,183,4,,0,16,,19993,183,4,,0,16,,19983,183,4,,0,58,,19951,183,4,,0,16,,19957,183,4,,0,17,,19936,183,4,,0,56,,19992,183,4,,0,19,,19984,183,4,,0,17,,19995,183,4,,0,15,,19994,183,4,,0,60,,19946,183,4,,0,15,,19987,183,4,,0,16,,19975,183,4,,0,56,,19965,183,4,,0,9,,19970,183,4,,0,17,,19960,183,4,,0,17,,19939,183,4,,0,58,,19948,183,4,,0,18,,19944,183,4,,0,16,,19955,183,4,,0,13,,19945,183,4,,0,57,,19935,183,4,,0,17,,19997,183,4,,0,18,,19932,183,4,,0,18,,19954,183,4,,0,56,,19991,183,4,,0,15,,19966,183,4,,0,16,,19996,183,4,,0,57,,19947,183,4,,0,10,,19977,183,4,,0,16,,19979,183,4,,0
5101,'d01a14a4-d6a9-4013-8e71-e69303fb0b13',1042,,20010,183,4,,0,78,,20003,183,4,,0,35,,20005,183,4,,0,75,,20000,183,4,,0,75,,20009,183,4,,0,35,,20007,183,4,,0,75,,20008,183,4,,0,35,,20002,183,4,,0,75,,20013,183,4,,0,75,,20011,183,4,,0,35,,20001,183,4,,0,75,,20006,183,4,,0,35,,20014,183,4,,0,75,,20004,183,4,,0,35,,20012,183,4,,0
5101,'d3716f81-b7c0-479c-ad60-6712cf7781f4',941,,20020,183,4,,0,59,,20031,183,4,,0,18,,20042,183,4,,0,11,,20038,183,4,,0,18,,20034,183,4,,0,79,,20035,183,4,,0,20,,20015,183,4,,0,58,,20036,183,4,,0,18,,20037,183,4,,0,18,,20021,183,4,,0,18,,20033,183,4,,0,61,,20041,183,4,,0,18,,20016,183,4,,0,18,,20023,183,4,,0,58,,20017,183,4,,0,18,,20044,183,4,,0,18,,20039,183,4,,0,63,,20040,183,4,,0,18,,20022,183,4,,0,18,,20027,183,4,,0,58,,20028,183,4,,0,18,,20024,183,4,,0,18,,20029,183,4,,0,60,,20018,183,4,,0,17,,20045,183,4,,0,20,,20019,183,4,,0,18,,20046,183,4,,0,58,,20043,183,4,,0,13,,20030,183,4,,0,4,,20032,183,4,,0
5101,'f394ee2a-c90c-4cfe-bbfc-c5340e68ee20',625,,20052,183,4,,0,16,,20063,183,4,,0,13,,20109,183,4,,0,55,,20051,183,4,,0,17,,20116,183,4,,0,14,,20078,183,4,,0,63,,20068,183,4,,0,15,,20124,183,4,,0,20,,20102,183,4,,0,17,,20122,183,4,,0,55,,20047,183,4,,0,18,,20087,183,4,,0,15,,20094,183,4,,0,13,,20075,183,4,,0,54,,20059,183,4,,0,17,,20112,183,4,,0,17,,20061,183,4,,0,57,,20100,183,4,,0,17,,20067,183,4,,0,16,,20093,183,4,,0,16,,20086,183,4,,0,56,,20060,183,4,,0,15,,20065,183,4,,0,16,,20083,183,4,,0,16,,20080,183,4,,0,53,,20056,183,4,,0,14,,20092,183,4,,0,14,,20070,183,4,,0,16,,20077,183,4,,0,54,,20096,183,4,,0,13,,20111,183,4,,0,15,,20119,183,4,,0,14,,20108,183,4,,0,55,,20082,183,4,,0,13,,20095,183,4,,0,20,,20106,183,4,,0,14,,20066,183,4,,0,54,,20118,183,4,,0,14,,20117,183,4,,0,14,,20115,183,4,,0,16,,20084,183,4,,0,54,,20098,183,4,,0,16,,20054,183,4,,0,15,,20049,183,4,,0,15,,20073,183,4,,0,54,,20072,183,4,,0,14,,20114,183,4,,0,14,,20099,183,4,,0,15,,20105,183,4,,0,9,,20058,183,4,,0,57,,20048,183,4,,0,12,,20123,183,4,,0,15,,20088,183,4,,0,11,,20069,183,4,,0,54,,20085,183,4,,0,12,,20097,183,4,,0,21,,20074,183,4,,0,16,,20050,183,4,,0,59,,20089,183,4,,0,14,,20104,183,4,,0,14,,20107,183,4,,0,14,,20091,183,4,,0,54,,20101,183,4,,0,10,,20055,183,4,,0,16,,20064,183,4,,0,17,,20090,183,4,,0,66,,20062,183,4,,0
6100,'595d987c-b6af-4553-91b7-dc23a0d7ec1c',610,,20228,0,,,0,35,,20228,151,4,,0,55,,20218,0,,,0,40,,20218,151,4,,0,80,,20229,151,4,,0,80,,20216,0,,,0,40,,20216,151,4,,0,80,,20230,0,,,0,80,,20224,0,,,0,45,,20211,0,,,0,85,,20223,0,,,0,85,,20223,151,4,,0,85,,20231,151,4,,0,45,,20225,0,,,0,85,,20225,151,4,,0,85,,20217,0,,,0,85,,20217,151,4,,0,45,,20219,151,4,,0,85,,20227,0,,,0,75,,20227,151,4,,0,35,,20208,151,4,,0,75,,20226,0,,,0,35,,20226,151,4,,0,75,,20220,0,,,0,75,,20220,151,4,,0,30,,20221,155,4,,0
6100,'d01a14a4-d6a9-4013-8e71-e69303fb0b13',1005,,20232,0,,,0,35,,20232,151,4,,0,75,,20233,151,4,,0,35,,20242,0,,,0,75,,20242,151,4,,0,75,,20234,0,,,0,35,,20246,0,,,0,75,,20243,0,,,0,35,,20243,151,4,,0,75,,20237,0,,,0,35,,20239,0,,,0,75,,20239,151,4,,0,75,,20245,151,4,,0,5,,20244,0,,,0,35,,20244,151,4,,0,75,,20241,0,,,0,35,,20241,151,4,,0
6100,'d3716f81-b7c0-479c-ad60-6712cf7781f4',930,,20256,0,,,0,80,,20256,151,4,,0,40,,20248,0,,,0,80,,20248,151,4,,0,80,,20259,151,4,,0,40,,20254,0,,,0,80,,20253,0,,,0,80,,20253,151,4,,0,40,,20252,151,4,,0,80,,20257,151,4,,0,80,,20249,0,,,0,40,,20255,0,,,0,80,,20255,151,4,,0,75,,20251,155,4,,0
6100,'f394ee2a-c90c-4cfe-bbfc-c5340e68ee20',535,,20261,0,,,0,75,,20261,151,4,,0,35,,20270,151,4,,0,55,,20269,0,,,0,20,,20301,0,,,0,15,,20269,151,4,,0,5,,20279,0,,,0,18,,20301,151,4,,0,42,,20295,0,,,0,18,,20279,151,4,,0,2,,20293,0,,,0,18,,20295,151,4,,0,2,,20281,0,,,0,18,,20293,151,4,,0,42,,20297,0,,,0,18,,20281,151,4,,0,2,,20285,0,,,0,18,,20297,151,4,,0,62,,20276,0,,,0,40,,20299,0,,,0,80,,20278,0,,,0,80,,20278,151,4,,0,40,,20283,151,4,,0,60,,20274,0,,,0,20,,20267,151,4,,0,5,,20288,0,,,0,15,,20274,151,4,,0,5,,20280,0,,,0,60,,20294,0,,,0,20,,20280,151,4,,0,25,,20294,151,4,,0,60,,20290,0,,,0,25,,20284,151,4,,0,20,,20290,151,4,,0,65,,20268,0,,,0,20,,20273,0,,,0,65,,20268,151,4,,0,20,,20265,0,,,0,25,,20277,0,,,0,60,,20300,0,,,0,20,,20277,151,4,,0,20,,20300,151,4,,0,60,,20275,0,,,0,20,,20287,151,4,,0,15,,20291,0,,,0,60,,20289,151,4,,0,15,,20262,0,,,0,35,,20262,151,4,,0,75,,20263,0,,,0,75,,20263,151,4,,0,35,,20286,0,,,0,75,,20286,151,4,,0,30,,20298,151,4,,0
6300,'595d987c-b6af-4553-91b7-dc23a0d7ec1c',630,,20404,0,,,0,70,,20404,160,4,,0,30,,20393,0,,,0,75,,20390,0,,,0,35,,20390,160,4,,0,75,,20379,0,,,0,35,,20379,160,4,,0,75,,20405,0,,,0,75,,20386,0,,,0,30,,20386,160,4,,0,70,,20395,0,,,0,30,,20395,160,4,,0,75,,20385,0,,,0,35,,20385,160,4,,0,75,,20392,0,,,0,35,,20392,160,4,,0,75,,20401,160,4,,0,75,,20398,0,,,0,35,,20387,0,,,0,75,,20387,160,4,,0,35,,20381,0,,,0,75,,20381,160,4,,0,35,,20380,0,,,0,75,,20380,160,4,,0,75,,20389,0,,,0,35,,20389,160,4,,0,70,,20397,160,4,,0,30,,20394,152,4,,0
6300,'d3716f81-b7c0-479c-ad60-6712cf7781f4',930,,20420,0,,,0,75,,20413,0,,,0,35,,20413,160,4,,0,75,,20407,0,,,0,35,,20412,0,,,0,75,,20412,160,4,,0,75,,20408,0,,,0,35,,20408,160,4,,0,75,,20415,160,4,,0,35,,20414,0,,,0,75,,20414,160,4,,0,35,,20410,0,,,0,75,,20410,160,4,,0,75,,20417,160,4,,0,35,,20418,0,,,0,70,,20418,152,4,,0
6300,'f394ee2a-c90c-4cfe-bbfc-c5340e68ee20',630,,20422,0,,,0,70,,20444,0,,,0,30,,20444,160,4,,0,75,,20440,0,,,0,35,,20424,0,,,0,75,,20424,160,4,,0,35,,20442,160,4,,0,75,,20429,160,4,,0,75,,20446,0,,,0,30,,20423,0,,,0,70,,20423,160,4,,0,30,,20427,0,,,0,75,,20427,160,4,,0,35,,20447,0,,,0,75,,20432,0,,,0,35,,20432,160,4,,0,75,,20437,160,4,,0,75,,20430,0,,,0,35,,20430,160,4,,0,75,,20434,160,4,,0,35,,20426,0,,,0,75,,20433,0,,,0,35,,20433,160,4,,0,75,,20438,0,,,0,75,,20438,160,4,,0,35,,20445,0,,,0,70,,20445,160,4,,0,30,,20435,152,4,,0
9300,'595d987c-b6af-4553-91b7-dc23a0d7ec1c',630,,20788,0,,,0,88,,20788,144,4,,0,1,,20779,0,,,0,88,,20779,144,4,,0,1,,20778,0,,,0,48,,20778,144,4,,0,1,,20791,0,,,0,88,,20791,144,4,,0,1,,20781,0,,,0,88,,20781,144,4,,0,1,,20775,0,,,0,93,,20775,144,4,,0,1,,20776,0,,,0,93,,20776,144,4,,0,1,,20780,0,,,0,93,,20780,144,4,,0,1,,20789,0,,,0,93,,20789,144,4,,0,1,,20786,0,,,0,93,,20786,144,4,,0,1,,20790,0,,,0,53,,20790,144,4,,0,1,,20782,0,,,0,88,,20782,144,4,,0,1,,20783,0,,,0,88,,20783,144,4,,0,1,,20785,0,,,0,88,,20785,144,4,,0,1,,20777,0,,,0,88,,20777,144,4,,0,1,,20792,0,,,0,86,,20792,144,4,,0,1,,20787,0,,,0,46,,20787,144,4,,0,1,,20784,0,,,0,86,,20784,144,4,,0
9300,'d3716f81-b7c0-479c-ad60-6712cf7781f4',930,,20797,0,,,0,88,,20797,144,4,,0,1,,20801,0,,,0,88,,20801,144,4,,0,1,,20795,0,,,0,48,,20795,144,4,,0,1,,20800,0,,,0,88,,20800,144,4,,0,1,,20803,0,,,0,88,,20803,144,4,,0,1,,20794,0,,,0,88,,20794,144,4,,0,1,,20799,0,,,0,88,,20799,144,4,,0,1,,20802,0,,,0,88,,20802,144,4,,0,1,,20796,0,,,0,48,,20796,144,4,,0,1,,20798,0,,,0,88,,20798,144,4,,0,1,,20793,0,,,0,88,,20793,144,4,,0
9300,'f394ee2a-c90c-4cfe-bbfc-c5340e68ee20',630,,20805,0,,,0,92,,20805,144,4,,0,1,,20804,0,,,0,97,,20804,144,4,,0,1,,20819,0,,,0,98,,20819,144,4,,0,1,,20815,0,,,0,95,,20815,144,4,,0,1,,20811,0,,,0,95,,20811,144,4,,0,1,,20808,0,,,0,95,,20808,144,4,,0,1,,20812,0,,,0,95,,20812,144,4,,0,1,,20810,0,,,0,55,,20810,144,4,,0,41,,20818,0,,,0,55,,20818,144,4,,0,1,,20809,0,,,0,95,,20809,144,4,,0,1,,20820,0,,,0,97,,20820,144,4,,0,1,,20817,0,,,0,97,,20817,144,4,,0,1,,20814,0,,,0,92,,20814,144,4,,0,1,,20807,0,,,0,89,,20807,144,4,,0,1,,20813,0,,,0,89,,20813,144,4,,0,1,,20806,0,,,0,88,,20806,144,4,,0,1,,20816,0,,,0,48,,20816,144,4,,0
9400,'595d987c-b6af-4553-91b7-dc23a0d7ec1c',656,,20822,161,,,0,86,,20832,161,,,0,85,,20823,161,,,0,85,,20833,161,,,0,46,,20834,161,,,0,86,,20824,161,,,0,87,,20840,161,,,0,87,,20838,161,,,0,87,,20836,161,,,0,47,,20821,161,,,0,87,,20835,161,,,0,86,,20828,161,,,0,85,,20827,161,,,0,45,,20830,161,,,0,85,,20831,161,,,0,85,,20829,161,,,0,86,,20826,161,,,0,46,,20839,161,,,0,86,,20825,161,,,0,86,,20837,161,,,0
9400,'d3716f81-b7c0-479c-ad60-6712cf7781f4',956,,20850,161,,,0,86,,20847,161,,,0,85,,20848,161,,,0,86,,20851,161,,,0,46,,20846,161,,,0,86,,20849,161,,,0,86,,20844,161,,,0,86,,20845,161,,,0,86,,20842,161,,,0,47,,20841,161,,,0,87,,20843,161,,,0
9400,'f394ee2a-c90c-4cfe-bbfc-c5340e68ee20',702,,20852,161,,,0,51,,20866,161,,,0,93,,20861,161,,,0,90,,20859,161,,,0,88,,20870,161,,,0,88,,20856,161,,,0,88,,20855,161,,,0,48,,20853,161,,,0,88,,20865,161,,,0,88,,20867,161,,,0,88,,20863,161,,,0,88,,20862,161,,,0,50,,20869,161,,,0,89,,20857,161,,,0,88,,20864,161,,,0,86,,20868,161,,,0,45,,20858,161,,,0,85,,20860,161,,,0,85,,20854,161,,,0
9600,'595d987c-b6af-4553-91b7-dc23a0d7ec1c',700,,20876,111,,,0,43,,20888,111,,,0,83,,20886,111,,,0,83,,20880,111,,,0,43,,20890,111,,,0,89,,20884,111,,,0,89,,20885,111,,,0,89,,20875,111,,,0,89,,20887,111,,,0,49,,20877,111,,,0,88,,20883,111,,,0,85,,20873,111,,,0,83,,20878,111,,,0,43,,20879,111,,,0,83,,20881,111,,,0,83,,20872,111,,,0,87,,20871,111,,,0,47,,20874,111,,,0,87,,20889,111,,,0,87,,20882,111,,,0
9600,'d3716f81-b7c0-479c-ad60-6712cf7781f4',1000,,20900,111,,,0,43,,20893,111,,,0,83,,20898,111,,,0,88,,20896,111,,,0,88,,20894,111,,,0,48,,20901,111,,,0,88,,20897,111,,,0,88,,20899,111,,,0,86,,20892,111,,,0,90,,20895,111,,,0,50,,20891,111,,,0
9600,'f394ee2a-c90c-4cfe-bbfc-c5340e68ee20',701,,20916,111,,,0,49,,20915,111,,,0,91,,20905,111,,,0,91,,20918,111,,,0,91,,20912,111,,,0,91,,20902,111,,,0,91,,20913,111,,,0,51,,20903,111,,,0,91,,20909,111,,,0,91,,20910,111,,,0,91,,20911,111,,,0,91,,20919,111,,,0,92,,20914,111,,,0,93,,20920,111,,,0,44,,20906,111,,,0,82,,20917,111,,,0,83,,20908,111,,,0,39,,20904,111,,,0,91,,20907,111,,,0
1009400,'595d987c-b6af-4553-91b7-dc23a0d7ec1c',630,,21029,0,,,0,82,,21029,164,4,,0,1,,21035,0,,,0,42,,21035,164,4,,0,1,,21039,0,,,0,82,,21039,164,4,,0,1,,21048,0,,,0,82,,21048,164,4,,0,1,,21038,0,,,0,83,,21038,164,4,,0,1,,21032,0,,,0,44,,21032,164,4,,0,1,,21041,0,,,0,84,,21041,164,4,,0,1,,21031,0,,,0,84,,21031,164,4,,0,1,,21036,0,,,0,84,,21036,164,4,,0,1,,21047,0,,,0,44,,21047,164,4,,0,1,,21037,0,,,0,83,,21037,164,4,,0,1,,21046,0,,,0,82,,21046,164,4,,0,1,,21030,0,,,0,82,,21030,164,4,,0,1,,21033,0,,,0,42,,21033,164,4,,0,1,,21034,0,,,0,82,,21034,164,4,,0,1,,21040,0,,,0,82,,21040,164,4,,0,1,,21043,0,,,0,42,,21043,164,4,,0,1,,21045,0,,,0,82,,21045,164,4,,0,1,,21042,0,,,0,82,,21042,164,4,,0,1,,21044,0,,,0,82,,21044,164,4,,0,1,,21049,0,,,0,42,,21049,164,4,,0
1009400,'d3716f81-b7c0-479c-ad60-6712cf7781f4',930,,21054,0,,,0,82,,21054,164,4,,0,1,,21061,0,,,0,42,,21061,164,4,,0,1,,21050,0,,,0,83,,21050,164,4,,0,1,,21055,0,,,0,83,,21055,164,4,,0,1,,21060,0,,,0,83,,21060,164,4,,0,1,,21059,0,,,0,43,,21059,164,4,,0,1,,21058,0,,,0,83,,21058,164,4,,0,1,,21056,0,,,0,83,,21056,164,4,,0,1,,21052,0,,,0,81,,21052,164,4,,0,3,,21051,0,,,0,41,,21051,164,4,,0,3,,21057,0,,,0,81,,21057,164,4,,0,3,,21053,0,,,0,81,,21053,164,4,,0
1009400,'f394ee2a-c90c-4cfe-bbfc-c5340e68ee20',630,,21064,0,,,0,84,,21064,164,4,,0,1,,21076,0,,,0,86,,21076,164,4,,0,1,,21065,0,,,0,47,,21065,164,4,,0,1,,21075,0,,,0,87,,21075,164,4,,0,1,,21073,0,,,0,84,,21073,164,4,,0,1,,21067,0,,,0,84,,21067,164,4,,0,1,,21062,0,,,0,44,,21062,164,4,,0,1,,21079,0,,,0,84,,21079,164,4,,0,1,,21077,0,,,0,84,,21077,164,4,,0,1,,21063,0,,,0,84,,21063,164,4,,0,1,,21066,0,,,0,44,,21066,164,4,,0,1,,21082,0,,,0,84,,21082,164,4,,0,1,,21070,0,,,0,84,,21070,164,4,,0,1,,21080,0,,,0,85,,21080,164,4,,0,1,,21081,0,,,0,43,,21081,164,4,,0,1,,21071,0,,,0,83,,21071,164,4,,0,1,,21068,0,,,0,82,,21068,164,4,,0,1,,21072,0,,,0,82,,21072,164,4,,0,1,,21078,0,,,0,42,,21078,164,4,,0,1,,21074,0,,,0,82,,21074,164,4,,0,1,,21069,0,,,0,82,,21069,164,4,,0
1009600,'595d987c-b6af-4553-91b7-dc23a0d7ec1c',630,,21088,0,,,0,80,,21088,182,4,,0,1,,21096,0,,,0,41,,21096,182,4,,0,1,,21100,0,,,0,81,,21100,182,4,,0,1,,21092,0,,,0,81,,21092,182,4,,0,1,,21095,0,,,0,83,,21095,182,4,,0,1,,21102,0,,,0,43,,21102,182,4,,0,1,,21101,0,,,0,83,,21101,182,4,,0,1,,21099,0,,,0,83,,21099,182,4,,0,1,,21090,0,,,0,43,,21090,182,4,,0,1,,21086,0,,,0,83,,21086,182,4,,0,1,,21098,0,,,0,81,,21098,182,4,,0,1,,21089,0,,,0,81,,21089,182,4,,0,1,,21093,0,,,0,41,,21093,182,4,,0,1,,21084,0,,,0,81,,21084,182,4,,0,1,,21091,0,,,0,81,,21091,182,4,,0,1,,21083,0,,,0,39,,21083,182,4,,0,1,,21085,0,,,0,79,,21085,182,4,,0,1,,21087,0,,,0,79,,21087,182,4,,0,1,,21097,0,,,0,39,,21097,182,4,,0,1,,21094,0,,,0,79,,21094,182,4,,0,1,,21103,0,,,0,79,,21103,182,4,,0,1,,21104,0,,,0,39,,21104,182,4,,0
1009600,'d3716f81-b7c0-479c-ad60-6712cf7781f4',930,,21110,0,,,0,80,,21110,182,4,,0,1,,21112,0,,,0,41,,21112,182,4,,0,1,,21105,0,,,0,82,,21105,182,4,,0,1,,21111,0,,,0,83,,21111,182,4,,0,1,,21117,0,,,0,82,,21117,182,4,,0,2,,21115,0,,,0,43,,21115,182,4,,0,1,,21114,0,,,0,83,,21114,182,4,,0,1,,21106,0,,,0,82,,21106,182,4,,0,1,,21108,0,,,0,39,,21108,182,4,,0,1,,21116,0,,,0,79,,21116,182,4,,0,1,,21107,0,,,0,79,,21107,182,4,,0,1,,21109,0,,,0,39,,21109,182,4,,0,1,,21113,0,,,0,79,,21113,182,4,,0
1009600,'f394ee2a-c90c-4cfe-bbfc-c5340e68ee20',630,,21138,0,,,0,84,,21138,182,4,,0,1,,21128,0,,,0,44,,21128,182,4,,0,41,,21127,0,,,0,44,,21127,182,4,,0,1,,21130,0,,,0,84,,21130,182,4,,0,1,,21124,0,,,0,81,,21124,182,4,,0,1,,21125,0,,,0,41,,21125,182,4,,0,1,,21134,0,,,0,82,,21134,182,4,,0,1,,21119,0,,,0,82,,21119,182,4,,0,1,,21137,0,,,0,82,,21137,182,4,,0,1,,21121,0,,,0,42,,21121,182,4,,0,1,,21122,0,,,0,82,,21122,182,4,,0,1,,21131,0,,,0,82,,21131,182,4,,0,1,,21129,0,,,0,43,,21129,182,4,,0,1,,21126,0,,,0,85,,21126,182,4,,0,1,,21118,0,,,0,83,,21118,182,4,,0,1,,21133,0,,,0,83,,21133,182,4,,0,1,,21135,0,,,0,41,,21135,182,4,,0,1,,21123,0,,,0,81,,21123,182,4,,0,1,,21132,0,,,0,81,,21132,182,4,,0,1,,21136,0,,,0,39,,21136,182,4,,0,1,,21120,0,,,0,79,,21120,182,4,,0
