5000,'29bb4b7a-5d7b-4f78-bccd-adce0636a676',1011,,18092,78,,,0,35,,18099,78,,,0,75,,18083,78,,,0,35,,18090,78,,,0,75,,18084,78,,,0,75,,18091,78,,,0,35,,18087,78,,,0,75,,18097,78,,,0,35,,18096,78,,,0,75,,18085,78,,,0,75,,18098,78,,,0,35,,18089,78,,,0,75,,18086,78,,,0,35,,18093,78,,,0,75,,18088,62,,,0,35,,18094,62,,,0
5000,'3d6b7334-041d-4cdf-b33e-9fc06607d92b',629,,18109,78,,,0,24,,18116,78,,,0,64,,18101,78,,,0,26,,18127,78,,,0,66,,18120,78,,,0,26,,18103,78,,,0,66,,18118,78,,,0,26,,18106,78,,,0,26,,18129,78,,,0,66,,18126,60,,,0,26,,18108,78,,,0,68,,18110,78,,,0,45,,18113,78,,,0,74,,18100,78,,,0,85,,18128,78,,,0,34,,18111,78,,,0,68,,18104,78,,,0,25,,18131,78,,,0,69,,18130,78,,,0,28,,18134,78,,,0,68,,18117,78,,,0,26,,18133,78,,,0,74,,18125,78,,,0,32,,18119,78,,,0,67,,18107,78,,,0,33,,18102,78,,,0,64,,18112,78,,,0,24,,18135,78,,,0,26,,18105,62,,,0,67,,18132,78,,,0,23,,18123,78,,,0,90,,18121,78,,,0,23,,18122,62,,,0,90,,18114,62,,,0
5000,'55f98007-25ae-4999-903a-9517a72acc76',716,,18157,78,,,0,35,,18143,78,,,0,75,,18138,78,,,0,75,,18158,78,,,0,35,,18154,78,,,0,75,,18162,78,,,0,35,,18147,78,,,0,75,,18150,78,,,0,37,,18153,78,,,0,77,,18149,78,,,0,80,,18141,78,,,0,37,,18159,78,,,0,80,,18137,78,,,0,77,,18160,78,,,0,40,,18155,78,,,0,77,,18148,78,,,0,80,,18136,78,,,0,37,,18156,78,,,0,76,,18151,78,,,0,37,,18152,78,,,0,75,,18140,78,,,0,75,,18161,78,,,0,35,,18144,78,,,0,75,,18142,62,,,0,35,,18139,62,,,0
5000,'aebab1a8-3c1a-47f7-a9ad-73a4dd0b203e',935,,18165,78,,,0,76,,18181,78,,,0,35,,18171,78,,,0,75,,18164,78,,,0,35,,18170,78,,,0,75,,18179,78,,,0,75,,18177,78,,,0,35,,18166,78,,,0,75,,18178,78,,,0,35,,18168,78,,,0,75,,18173,78,,,0,75,,18175,78,,,0,35,,18180,78,,,0,75,,18169,78,,,0,35,,18176,62,,,0
6200,'29bb4b7a-5d7b-4f78-bccd-adce0636a676',1010,,18754,11,,,0,35,,18755,11,,,0,75,,18756,11,,,0,35,,18747,11,,,0,75,,18759,11,,,0,75,,18750,11,,,0,35,,18760,11,,,0,75,,18751,11,,,0,35,,18753,11,,,0,75,,18748,11,,,0,75,,18749,11,,,0,35,,18758,11,,,0,75,,18761,11,,,0,35,,18757,11,,,0,75,,18752,11,,,0
6200,'3d6b7334-041d-4cdf-b33e-9fc06607d92b',610,,18779,11,,,0,41,,18765,11,,,0,81,,18777,11,,,0,81,,18767,11,,,0,41,,18766,11,,,0,81,,18775,11,,,0,81,,18783,11,,,0,41,,18774,11,,,0,81,,18764,11,,,0,81,,18770,11,,,0,81,,18763,11,,,0,41,,18768,11,,,0,81,,18786,11,,,0,81,,18782,11,,,0,46,,18785,11,,,0,86,,18781,11,,,0,86,,18769,11,,,0,86,,18771,11,,,0,46,,18772,11,,,0,81,,18762,11,,,0,81,,18780,11,,,0,41,,18773,11,,,0,81,,18776,11,,,0,81,,18784,11,,,0,41,,18778,11,,,0
6200,'55f98007-25ae-4999-903a-9517a72acc76',610,,18791,11,,,0,41,,18796,11,,,0,81,,18793,11,,,0,81,,18804,11,,,0,41,,18808,11,,,0,81,,18807,11,,,0,81,,18809,11,,,0,41,,18810,11,,,0,81,,18797,11,,,0,81,,18799,11,,,0,81,,18811,11,,,0,41,,18802,11,,,0,81,,18790,11,,,0,81,,18795,11,,,0,46,,18803,11,,,0,86,,18806,11,,,0,86,,18801,11,,,0,86,,18798,11,,,0,46,,18792,11,,,0,81,,18789,11,,,0,81,,18800,11,,,0,41,,18787,11,,,0,81,,18805,11,,,0,81,,18794,11,,,0,41,,18788,11,,,0
6200,'aebab1a8-3c1a-47f7-a9ad-73a4dd0b203e',1015,,18820,11,,,0,41,,18815,11,,,0,81,,18821,11,,,0,81,,18823,11,,,0,41,,18816,11,,,0,81,,18817,11,,,0,81,,18818,11,,,0,81,,18822,11,,,0,41,,18813,11,,,0,81,,18812,11,,,0,81,,18814,11,,,0,41,,18819,11,,,0
6500,'3d6b7334-041d-4cdf-b33e-9fc06607d92b',646,,19004,9,,,0,75,,19013,9,,,0,36,,19002,9,,,0,76,,19007,9,,,0,83,,18999,9,,,0,30,,18992,9,,,0,70,,19017,9,,,0,30,,19011,9,,,0,70,,19010,9,,,0,30,,18990,9,,,0,70,,19015,9,,,0,30,,19001,9,,,0,70,,18995,9,,,0,30,,19009,9,,,0,70,,18998,9,,,0,30,,19006,9,,,0,70,,18991,9,,,0,30,,19003,9,,,0,80,,18993,9,,,0,80,,19016,9,,,0,40,,19014,9,,,0,70,,19012,9,,,0,30,,19000,9,,,0,70,,18997,9,,,0,30,,19008,9,,,0,70,,19005,9,,,0,30,,18994,9,,,0,70,,18996,9,,,0
6500,'55f98007-25ae-4999-903a-9517a72acc76',646,,19036,9,,,0,75,,19024,9,,,0,36,,19038,9,,,0,76,,19035,9,,,0,83,,19039,9,,,0,30,,19022,9,,,0,70,,19029,9,,,0,30,,19031,9,,,0,70,,19041,9,,,0,30,,19018,9,,,0,70,,19021,9,,,0,30,,19030,9,,,0,70,,19019,9,,,0,30,,19042,9,,,0,70,,19025,9,,,0,30,,19037,9,,,0,70,,19026,9,,,0,30,,19023,9,,,0,80,,19034,9,,,0,80,,19033,9,,,0,40,,19020,9,,,0,70,,19043,9,,,0,30,,19028,9,,,0,70,,19027,9,,,0,30,,19044,9,,,0,70,,19032,9,,,0,30,,19040,9,,,0,70,,19045,9,,,0
6500,'aebab1a8-3c1a-47f7-a9ad-73a4dd0b203e',1016,,19058,9,,,0,30,,19048,9,,,0,70,,19046,9,,,0,30,,19061,9,,,0,70,,19052,9,,,0,30,,19051,9,,,0,70,,19056,9,,,0,30,,19054,9,,,0,70,,19057,9,,,0,30,,19053,9,,,0,70,,19050,9,,,0,30,,19055,9,,,0,70,,19049,9,,,0,30,,19047,9,,,0,70,,19059,9,,,0,30,,19060,9,,,0
