9300,'3d6b7334-041d-4cdf-b33e-9fc06607d92b',720,,19230,159,,,0,97,,19228,159,,,0,99,,19235,159,,,0,96,,19220,159,,,0,96,,19225,159,,,0,96,,19236,159,,,0,96,,19221,159,,,0,56,,19232,159,,,0,96,,19231,159,,,0,96,,19233,159,,,0,98,,19226,159,,,0,98,,19222,159,,,0,94,,19224,159,,,0,90,,19223,159,,,0,90,,19229,159,,,0,89,,19234,159,,,0,49,,19227,160,,,0
9300,'55f98007-25ae-4999-903a-9517a72acc76',716,,19245,159,,,0,89,,19249,159,,,0,49,,19247,159,,,0,89,,19241,159,,,0,89,,19239,159,,,0,93,,19248,159,,,0,94,,19251,159,,,0,94,,19253,159,,,0,94,,19252,159,,,0,94,,19242,159,,,0,54,,19246,159,,,0,90,,19244,159,,,0,89,,19237,159,,,0,89,,19240,159,,,0,89,,19238,159,,,0,47,,19254,159,,,0,87,,19250,159,,,0,87,,19243,160,,,0
9300,'aebab1a8-3c1a-47f7-a9ad-73a4dd0b203e',1016,,19260,159,,,0,89,,19265,159,,,0,49,,19264,159,,,0,89,,19261,159,,,0,89,,19256,159,,,0,89,,19263,159,,,0,89,,19262,159,,,0,49,,19258,159,,,0,89,,19259,159,,,0,89,,19255,159,,,0,89,,19257,160,,,0
9400,'3d6b7334-041d-4cdf-b33e-9fc06607d92b',700,,19279,195,,,0,51,,19271,195,,,0,93,,19277,195,,,0,90,,19281,195,,,0,88,,19267,195,,,0,88,,19284,195,,,0,48,,19278,195,,,0,88,,19268,195,,,0,88,,19282,195,,,0,88,,19273,195,,,0,88,,19274,195,,,0,48,,19272,195,,,0,90,,19276,195,,,0,89,,19275,195,,,0,88,,19280,195,,,0,86,,19266,195,,,0,45,,19270,195,,,0,85,,19283,195,,,0,85,,19269,195,,,0
9400,'55f98007-25ae-4999-903a-9517a72acc76',654,,19295,195,,,0,86,,19285,195,,,0,85,,19299,195,,,0,85,,19298,195,,,0,46,,19287,195,,,0,86,,19288,195,,,0,87,,19292,195,,,0,87,,19300,195,,,0,87,,19302,195,,,0,47,,19304,195,,,0,87,,19303,195,,,0,86,,19291,195,,,0,85,,19290,195,,,0,45,,19286,195,,,0,85,,19294,195,,,0,85,,19289,195,,,0,86,,19293,195,,,0,46,,19296,195,,,0,86,,19301,195,,,0,86,,19297,195,,,0
9400,'aebab1a8-3c1a-47f7-a9ad-73a4dd0b203e',954,,19314,195,,,0,86,,19313,195,,,0,85,,19307,195,,,0,86,,19305,195,,,0,46,,19315,195,,,0,86,,19306,195,,,0,86,,19312,195,,,0,86,,19308,195,,,0,86,,19310,195,,,0,47,,19309,195,,,0,87,,19311,195,,,0
9600,'3d6b7334-041d-4cdf-b33e-9fc06607d92b',659,,19319,113,,,0,88,,19325,113,,,0,91,,19318,113,,,0,91,,19317,113,,,0,91,,19332,113,,,0,91,,19330,113,,,0,91,,19327,113,,,0,51,,19328,113,,,0,91,,19326,113,,,0,91,,19333,113,,,0,91,,19322,113,,,0,91,,19329,113,,,0,92,,19334,113,,,0,93,,19320,113,,,0,45,,19331,113,,,0,82,,19316,113,,,0,83,,19321,113,,,0,39,,19323,113,,,0,91,,19324,113,,,0
9600,'55f98007-25ae-4999-903a-9517a72acc76',658,,19349,113,,,0,83,,19347,113,,,0,83,,19336,113,,,0,83,,19346,113,,,0,43,,19352,113,,,0,88,,19338,113,,,0,89,,19335,113,,,0,89,,19344,113,,,0,89,,19341,113,,,0,49,,19350,113,,,0,89,,19353,113,,,0,85,,19342,113,,,0,83,,19348,113,,,0,43,,19345,113,,,0,83,,19343,113,,,0,83,,19339,113,,,0,87,,19340,113,,,0,47,,19337,113,,,0,87,,19354,113,,,0,87,,19351,113,,,0
9600,'aebab1a8-3c1a-47f7-a9ad-73a4dd0b203e',958,,19362,113,,,0,83,,19363,113,,,0,83,,19360,113,,,0,88,,19359,113,,,0,88,,19355,113,,,0,48,,19364,113,,,0,88,,19357,113,,,0,88,,19358,113,,,0,86,,19365,113,,,0,90,,19361,113,,,0,50,,19356,113,,,0
1009400,'3d6b7334-041d-4cdf-b33e-9fc06607d92b',712,,19478,185,,,0,47,,19483,185,,,0,88,,19493,185,,,0,88,,19485,185,,,0,85,,19490,185,,,0,85,,19491,185,,,0,45,,19480,185,,,0,85,,19479,185,,,0,85,,19475,185,,,0,85,,19474,185,,,0,45,,19492,185,,,0,85,,19484,185,,,0,85,,19486,185,,,0,86,,19477,185,,,0,44,,19476,185,,,0,84,,19489,185,,,0,83,,19487,185,,,0,83,,19494,185,,,0,43,,19481,185,,,0,83,,19482,185,,,0,83,,19488,186,,,0
1009400,'55f98007-25ae-4999-903a-9517a72acc76',710,,19507,185,,,0,43,,19504,185,,,0,83,,19499,185,,,0,83,,19511,185,,,0,84,,19513,185,,,0,45,,19508,185,,,0,85,,19506,185,,,0,85,,19498,185,,,0,85,,19495,185,,,0,45,,19510,185,,,0,84,,19509,185,,,0,83,,19515,185,,,0,43,,19496,185,,,0,83,,19505,185,,,0,83,,19501,185,,,0,83,,19514,185,,,0,43,,19500,185,,,0,83,,19502,185,,,0,83,,19497,185,,,0,43,,19503,185,,,0,83,,19512,185,,,0
1009400,'aebab1a8-3c1a-47f7-a9ad-73a4dd0b203e',1010,,19516,185,,,0,43,,19523,185,,,0,84,,19518,185,,,0,84,,19522,185,,,0,84,,19525,185,,,0,44,,19524,185,,,0,84,,19519,185,,,0,84,,19527,185,,,0,42,,19517,185,,,0,84,,19521,185,,,0,84,,19526,185,,,0,84,,19520,185,,,0
