9300,'595d987c-b6af-4553-91b7-dc23a0d7ec1c',630,,20788,2,,,0,89,,20779,2,,,0,89,,20778,2,,,0,49,,20791,2,,,0,89,,20781,2,,,0,89,,20775,2,,,0,94,,20776,2,,,0,94,,20780,2,,,0,94,,20789,2,,,0,94,,20786,2,,,0,94,,20790,2,,,0,54,,20782,2,,,0,89,,20783,2,,,0,89,,20785,2,,,0,89,,20777,2,,,0,89,,20792,2,,,0,87,,20787,2,,,0,47,,20784,2,,,0
9300,'d3716f81-b7c0-479c-ad60-6712cf7781f4',930,,20797,2,,,0,89,,20801,2,,,0,89,,20795,2,,,0,49,,20800,2,,,0,89,,20803,2,,,0,89,,20794,2,,,0,89,,20799,2,,,0,89,,20802,2,,,0,89,,20796,2,,,0,49,,20798,2,,,0,89,,20793,2,,,0
9300,'f394ee2a-c90c-4cfe-bbfc-c5340e68ee20',630,,20805,2,,,0,93,,20804,2,,,0,98,,20819,2,,,0,99,,20815,2,,,0,96,,20811,2,,,0,96,,20808,2,,,0,96,,20812,2,,,0,96,,20810,2,,,0,96,,20818,2,,,0,56,,20809,2,,,0,96,,20820,2,,,0,98,,20817,2,,,0,98,,20814,2,,,0,93,,20807,2,,,0,90,,20813,2,,,0,90,,20806,2,,,0,89,,20816,2,,,0
9400,'595d987c-b6af-4553-91b7-dc23a0d7ec1c',656,,20822,164,,,0,86,,20832,164,,,0,85,,20823,164,,,0,85,,20833,164,,,0,46,,20834,164,,,0,86,,20824,164,,,0,87,,20840,164,,,0,87,,20838,164,,,0,87,,20836,164,,,0,47,,20821,164,,,0,87,,20835,164,,,0,86,,20828,164,,,0,85,,20827,164,,,0,45,,20830,164,,,0,85,,20831,164,,,0,85,,20829,164,,,0,86,,20826,164,,,0,46,,20839,164,,,0,86,,20825,164,,,0,86,,20837,164,,,0
9400,'d3716f81-b7c0-479c-ad60-6712cf7781f4',956,,20850,164,,,0,86,,20847,164,,,0,85,,20848,164,,,0,86,,20851,164,,,0,46,,20846,164,,,0,86,,20849,164,,,0,86,,20844,164,,,0,86,,20845,164,,,0,86,,20842,164,,,0,47,,20841,164,,,0,87,,20843,164,,,0
9400,'f394ee2a-c90c-4cfe-bbfc-c5340e68ee20',702,,20852,164,,,0,51,,20866,164,,,0,93,,20861,164,,,0,90,,20859,164,,,0,88,,20870,164,,,0,88,,20856,164,,,0,88,,20855,164,,,0,48,,20853,164,,,0,88,,20865,164,,,0,88,,20867,164,,,0,88,,20863,164,,,0,88,,20862,164,,,0,50,,20869,164,,,0,89,,20857,164,,,0,88,,20864,164,,,0,86,,20868,164,,,0,45,,20858,164,,,0,85,,20860,164,,,0,85,,20854,164,,,0
9600,'595d987c-b6af-4553-91b7-dc23a0d7ec1c',700,,20876,114,,,0,43,,20888,114,,,0,83,,20886,114,,,0,83,,20880,114,,,0,43,,20890,114,,,0,89,,20884,114,,,0,89,,20885,114,,,0,89,,20875,114,,,0,89,,20887,114,,,0,49,,20877,114,,,0,88,,20883,114,,,0,85,,20873,114,,,0,83,,20878,114,,,0,43,,20879,114,,,0,83,,20881,114,,,0,83,,20872,114,,,0,87,,20871,114,,,0,47,,20874,114,,,0,87,,20889,114,,,0,87,,20882,114,,,0
9600,'d3716f81-b7c0-479c-ad60-6712cf7781f4',1000,,20900,114,,,0,43,,20893,114,,,0,83,,20898,114,,,0,88,,20896,114,,,0,88,,20894,114,,,0,48,,20901,114,,,0,88,,20897,114,,,0,88,,20899,114,,,0,86,,20892,114,,,0,90,,20895,114,,,0,50,,20891,114,,,0
9600,'f394ee2a-c90c-4cfe-bbfc-c5340e68ee20',701,,20916,114,,,0,49,,20915,114,,,0,91,,20905,114,,,0,91,,20918,114,,,0,91,,20912,114,,,0,91,,20902,114,,,0,91,,20913,114,,,0,51,,20903,114,,,0,91,,20909,114,,,0,91,,20910,114,,,0,91,,20911,114,,,0,91,,20919,114,,,0,92,,20914,114,,,0,93,,20920,114,,,0,44,,20906,114,,,0,82,,20917,114,,,0,83,,20908,114,,,0,40,,20904,114,,,0,90,,20907,114,,,0
1009400,'595d987c-b6af-4553-91b7-dc23a0d7ec1c',630,,21029,2,,,0,83,,21035,2,,,0,43,,21039,2,,,0,83,,21048,2,,,0,83,,21038,2,,,0,84,,21032,2,,,0,45,,21041,2,,,0,85,,21031,2,,,0,85,,21036,2,,,0,85,,21047,2,,,0,45,,21037,2,,,0,84,,21046,2,,,0,83,,21030,2,,,0,83,,21033,2,,,0,43,,21034,2,,,0,83,,21040,2,,,0,83,,21043,2,,,0,43,,21045,2,,,0,83,,21042,2,,,0,83,,21044,2,,,0,83,,21049,2,,,0
1009400,'d3716f81-b7c0-479c-ad60-6712cf7781f4',930,,21054,2,,,0,83,,21061,2,,,0,43,,21050,2,,,0,84,,21055,2,,,0,84,,21060,2,,,0,84,,21059,2,,,0,44,,21058,2,,,0,84,,21056,2,,,0,84,,21052,2,,,0,84,,21051,2,,,0,44,,21057,2,,,0,84,,21053,2,,,0
1009400,'f394ee2a-c90c-4cfe-bbfc-c5340e68ee20',630,,21064,2,,,0,85,,21076,2,,,0,87,,21065,2,,,0,48,,21075,2,,,0,88,,21073,2,,,0,85,,21067,2,,,0,85,,21062,2,,,0,45,,21079,2,,,0,85,,21077,2,,,0,85,,21063,2,,,0,85,,21066,2,,,0,45,,21082,2,,,0,85,,21070,2,,,0,85,,21080,2,,,0,86,,21081,2,,,0,44,,21071,2,,,0,84,,21068,2,,,0,83,,21072,2,,,0,83,,21078,2,,,0,43,,21074,2,,,0,83,,21069,2,,,0
