6000,'595d987c-b6af-4553-91b7-dc23a0d7ec1c',625,,20142,2,,,0,75,,20127,2,,,0,35,,20138,2,,,0,80,,20140,2,,,0,40,,20139,2,,,0,80,,20149,2,,,0,80,,20146,2,,,0,40,,20125,2,,,0,80,,20136,2,,,0,80,,20133,2,,,0,40,,20126,2,,,0,80,,20135,2,,,0,80,,20137,2,,,0,40,,20150,2,,,0,80,,20128,2,,,0,80,,20132,2,,,0,40,,20141,2,,,0,80,,20144,2,,,0,80,,20129,2,,,0,40,,20148,2,,,0,75,,20145,2,,,0,75,,20143,2,,,0,35,,20134,2,,,0,75,,20130,2,,,0,35,,20147,2,,,0
6000,'d01a14a4-d6a9-4013-8e71-e69303fb0b13',1000,,20165,2,,,0,35,,20160,2,,,0,75,,20158,2,,,0,35,,20159,2,,,0,75,,20154,2,,,0,35,,20157,2,,,0,75,,20156,2,,,0,75,,20163,2,,,0,35,,20164,2,,,0,75,,20155,2,,,0,35,,20161,2,,,0,75,,20162,2,,,0,75,,20151,2,,,0,35,,20166,2,,,0,75,,20153,2,,,0,35,,20152,2,,,0
6000,'d3716f81-b7c0-479c-ad60-6712cf7781f4',920,,20167,2,,,0,35,,20170,2,,,0,75,,20172,2,,,0,75,,20168,2,,,0,35,,20180,2,,,0,75,,20171,2,,,0,35,,20179,2,,,0,75,,20173,2,,,0,75,,20177,2,,,0,35,,20175,2,,,0,75,,20176,2,,,0,35,,20174,2,,,0,75,,20178,2,,,0,35,,20169,2,,,0,75,,20181,2,,,0
6000,'f394ee2a-c90c-4cfe-bbfc-c5340e68ee20',625,,20185,2,,,0,75,,20203,2,,,0,35,,20201,2,,,0,80,,20199,2,,,0,40,,20205,2,,,0,80,,20206,2,,,0,80,,20191,2,,,0,40,,20190,2,,,0,80,,20198,2,,,0,80,,20186,2,,,0,40,,20196,2,,,0,80,,20188,2,,,0,80,,20187,2,,,0,40,,20193,2,,,0,80,,20184,2,,,0,80,,20204,2,,,0,40,,20192,2,,,0,80,,20183,2,,,0,80,,20200,2,,,0,40,,20195,2,,,0,75,,20197,2,,,0,75,,20182,2,,,0,35,,20202,2,,,0,75,,20189,2,,,0,35,,20194,2,,,0
6400,'595d987c-b6af-4553-91b7-dc23a0d7ec1c',620,,20471,1,,,0,35,,20473,1,,,0,75,,20461,1,,,0,80,,20467,1,,,0,40,,20460,1,,,0,80,,20458,1,,,0,75,,20448,1,,,0,35,,20449,1,,,0,75,,20462,1,,,0,35,,20457,1,,,0,75,,20474,1,,,0,75,,20450,1,,,0,35,,20464,1,,,0,75,,20453,1,,,0,35,,20459,1,,,0,75,,20472,1,,,0,35,,20466,1,,,0,80,,20456,1,,,0,80,,20469,1,,,0,40,,20470,1,,,0,80,,20451,1,,,0,75,,20468,1,,,0,35,,20455,1,,,0,75,,20463,1,,,0,35,,20465,1,,,0,75,,20452,1,,,0,75,,20454,1,,,0
6400,'d01a14a4-d6a9-4013-8e71-e69303fb0b13',1000,,20483,1,,,0,35,,20475,1,,,0,75,,20488,1,,,0,35,,20478,1,,,0,75,,20487,1,,,0,35,,20476,1,,,0,75,,20485,1,,,0,75,,20481,1,,,0,35,,20490,1,,,0,75,,20479,1,,,0,35,,20477,1,,,0,75,,20482,1,,,0,75,,20484,1,,,0,35,,20480,1,,,0,75,,20486,1,,,0,35,,20489,1,,,0
6400,'d3716f81-b7c0-479c-ad60-6712cf7781f4',930,,20496,1,,,0,75,,20493,1,,,0,35,,20491,1,,,0,75,,20501,1,,,0,35,,20502,1,,,0,75,,20505,1,,,0,75,,20500,1,,,0,35,,20504,1,,,0,75,,20497,1,,,0,35,,20494,1,,,0,75,,20498,1,,,0,35,,20503,1,,,0,75,,20495,1,,,0,75,,20506,1,,,0,35,,20492,1,,,0,75,,20499,1,,,0
6400,'f394ee2a-c90c-4cfe-bbfc-c5340e68ee20',620,,20540,1,,,0,35,,20521,1,,,0,58,,20542,1,,,0,18,,20508,1,,,0,18,,20509,1,,,0,58,,20520,1,,,0,18,,20535,1,,,0,18,,20517,1,,,0,58,,20510,1,,,0,18,,20512,1,,,0,18,,20526,1,,,0,18,,20544,1,,,0,75,,20523,1,,,0,75,,20511,1,,,0,35,,20529,1,,,0,75,,20513,1,,,0,35,,20537,1,,,0,75,,20536,1,,,0,75,,20534,1,,,0,35,,20518,1,,,0,18,,20507,1,,,0,58,,20515,1,,,0,18,,20528,1,,,0,18,,20541,1,,,0,58,,20543,1,,,0,18,,20527,1,,,0,18,,20532,1,,,0,18,,20525,1,,,0,58,,20533,1,,,0,18,,20519,1,,,0,75,,20530,1,,,0,35,,20516,1,,,0,75,,20539,1,,,0,35,,20531,1,,,0,75,,20522,1,,,0,70,,20514,1,,,0,30,,20538,1,,,0,70,,20524,1,,,0
6800,'595d987c-b6af-4553-91b7-dc23a0d7ec1c',701,,20678,10,,,0,100,,20672,10,,,0,100,,20673,10,,,0,100,,20675,10,,,0,600,,20677,10,,,0,100,,20671,10,,,0,100,,20670,10,,,0,100,,20674,10,,,0,100,,20676,10,,,0
6800,'d3716f81-b7c0-479c-ad60-6712cf7781f4',1001,,20680,10,,,0,200,,20679,10,,,0,200,,20683,10,,,0,200,,20681,10,,,0,200,,20682,10,,,0
6800,'f394ee2a-c90c-4cfe-bbfc-c5340e68ee20',631,,20687,10,,,0,70,,20696,10,,,0,30,,20689,10,,,0,70,,20691,10,,,0,30,,20685,10,,,0,112,,20698,10,,,0,100,,20686,10,,,0,488,,20694,10,,,0,70,,20684,10,,,0,30,,20692,10,,,0,70,,20690,10,,,0,30,,20693,10,,,0,90,,20695,10,,,0,100,,20688,10,,,0,100,,20697,10,,,0
8100,'595d987c-b6af-4553-91b7-dc23a0d7ec1c',631,,20710,8,,,0,100,,20700,8,,,0,100,,20699,8,,,0,200,,20705,8,,,0,100,,20701,8,,,0,100,,20707,8,,,0,200,,20712,8,,,0,100,,20708,8,,,0,100,,20706,8,,,0,100,,20704,8,,,0,100,,20702,8,,,0,100,,20703,8,,,0,100,,20711,8,,,0,100,,20709,8,,,0
8100,'d01a14a4-d6a9-4013-8e71-e69303fb0b13',1016,,20719,8,,,0,100,,20713,8,,,0,100,,20718,8,,,0,100,,20715,8,,,0,100,,20717,8,,,0,100,,20716,8,,,0,100,,20720,8,,,0,100,,20714,8,,,0,100,,20721,8,,,0
8100,'d3716f81-b7c0-479c-ad60-6712cf7781f4',1031,,20723,8,,,0,100,,20726,8,,,0,200,,20722,8,,,0,100,,20724,8,,,0,100,,20725,8,,,0,100,,20727,8,,,0,100,,20728,8,,,0
8100,'f394ee2a-c90c-4cfe-bbfc-c5340e68ee20',2131,,20729,8,,,0
8200,'595d987c-b6af-4553-91b7-dc23a0d7ec1c',931,,20731,8,,,0,400,,20730,8,,,0
8200,'d3716f81-b7c0-479c-ad60-6712cf7781f4',1231,,20732,8,,,0
8600,'f394ee2a-c90c-4cfe-bbfc-c5340e68ee20',546,,20773,9,,,0,75,,20767,9,,,0,35,,20769,9,,,0,75,,20765,9,,,0,80,,20757,9,,,0,40,,20750,9,,,0,80,,20764,9,,,0,75,,20749,9,,,0,35,,20770,9,,,0,75,,20762,9,,,0,35,,20756,9,,,0,75,,20755,9,,,0,75,,20768,9,,,0,35,,20774,9,,,0,75,,20753,9,,,0,35,,20761,9,,,0,75,,20763,9,,,0,35,,20772,9,,,0,75,,20752,9,,,0,80,,20754,9,,,0,40,,20766,9,,,0,80,,20760,9,,,0,75,,20758,9,,,0,35,,20751,9,,,0,75,,20759,9,,,0,35,,20771,10,,,0
