8100,'29bb4b7a-5d7b-4f78-bccd-adce0636a676',1017,,19152,21,,,0,100,,19151,21,,,0,100,,19146,21,,,0,100,,19150,21,,,0,100,,19149,21,,,0,100,,19147,21,,,0,100,,19145,21,,,0,100,,19148,21,,,0,100,,19144,21,,,0
8100,'3d6b7334-041d-4cdf-b33e-9fc06607d92b',2132,,19153,21,,,0
8100,'55f98007-25ae-4999-903a-9517a72acc76',633,,19160,22,,,0,100,,19154,22,,,0,100,,19157,22,,,0,200,,19162,22,,,0,100,,19159,22,,,0,100,,19156,22,,,0,200,,19155,22,,,0,100,,19158,22,,,0,100,,19166,22,,,0,100,,19164,22,,,0,100,,19167,22,,,0,100,,19165,22,,,0,100,,19161,22,,,0,99,,19163,21,,,0
8100,'aebab1a8-3c1a-47f7-a9ad-73a4dd0b203e',1033,,19169,22,,,0,100,,19170,22,,,0,200,,19168,22,,,0,100,,19174,22,,,0,100,,19172,22,,,0,100,,19173,22,,,0,100,,19171,22,,,0
8200,'55f98007-25ae-4999-903a-9517a72acc76',933,,19176,23,,,0,400,,19175,23,,,0
8200,'aebab1a8-3c1a-47f7-a9ad-73a4dd0b203e',1233,,19177,23,,,0
8600,'3d6b7334-041d-4cdf-b33e-9fc06607d92b',548,,19202,20,,,0,75,,19199,20,,,0,35,,19217,20,,,0,75,,19212,20,,,0,80,,19218,20,,,0,40,,19214,20,,,0,80,,19210,20,,,0,75,,19206,20,,,0,35,,19213,20,,,0,75,,19198,20,,,0,35,,19215,20,,,0,75,,19219,20,,,0,75,,19200,20,,,0,35,,19201,20,,,0,75,,19203,20,,,0,35,,19211,20,,,0,75,,19194,20,,,0,35,,19197,20,,,0,75,,19205,20,,,0,80,,19208,20,,,0,40,,19207,20,,,0,80,,19204,20,,,0,75,,19195,20,,,0,35,,19209,20,,,0,75,,19196,20,,,0,35,,19216,21,,,0
9400,'3d6b7334-041d-4cdf-b33e-9fc06607d92b',704,,19279,234,,,0,51,,19271,234,,,0,93,,19277,234,,,0,90,,19281,234,,,0,88,,19267,234,,,0,88,,19284,234,,,0,88,,19278,234,,,0,48,,19268,234,,,0,88,,19282,234,,,0,88,,19273,234,,,0,88,,19274,234,,,0,88,,19272,234,,,0,50,,19276,234,,,0,89,,19275,234,,,0,88,,19280,234,,,0,86,,19266,234,,,0,85,,19270,234,,,0,45,,19283,234,,,0,85,,19269,234,,,0
9400,'55f98007-25ae-4999-903a-9517a72acc76',658,,19295,234,,,0,86,,19285,234,,,0,85,,19299,234,,,0,85,,19298,234,,,0,86,,19287,234,,,0,46,,19288,234,,,0,87,,19292,234,,,0,87,,19300,234,,,0,87,,19302,234,,,0,47,,19304,234,,,0,87,,19303,234,,,0,86,,19291,234,,,0,85,,19290,234,,,0,45,,19286,234,,,0,85,,19294,234,,,0,85,,19289,234,,,0,86,,19293,234,,,0,46,,19296,234,,,0,86,,19301,234,,,0,86,,19297,234,,,0
9400,'aebab1a8-3c1a-47f7-a9ad-73a4dd0b203e',958,,19314,234,,,0,86,,19313,234,,,0,85,,19307,234,,,0,86,,19305,234,,,0,86,,19315,234,,,0,46,,19306,234,,,0,86,,19312,234,,,0,86,,19308,234,,,0,86,,19310,234,,,0,47,,19309,234,,,0,87,,19311,234,,,0
1009400,'3d6b7334-041d-4cdf-b33e-9fc06607d92b',631,,19478,18,,,0,86,,19483,18,,,0,87,,19493,18,,,0,48,,19485,18,,,0,88,,19490,18,,,0,85,,19491,18,,,0,85,,19480,18,,,0,45,,19479,18,,,0,85,,19475,18,,,0,85,,19474,18,,,0,85,,19492,18,,,0,45,,19484,18,,,0,85,,19486,18,,,0,85,,19477,18,,,0,86,,19476,18,,,0,44,,19489,18,,,0,84,,19487,18,,,0,83,,19494,18,,,0,83,,19481,18,,,0,43,,19482,18,,,0,83,,19488,18,,,0
1009400,'55f98007-25ae-4999-903a-9517a72acc76',632,,19507,18,,,0,83,,19504,18,,,0,43,,19499,18,,,0,83,,19511,18,,,0,83,,19513,18,,,0,84,,19508,18,,,0,45,,19506,18,,,0,85,,19498,18,,,0,85,,19495,18,,,0,85,,19510,18,,,0,45,,19509,18,,,0,84,,19515,18,,,0,83,,19496,18,,,0,83,,19505,18,,,0,43,,19501,18,,,0,83,,19514,18,,,0,83,,19500,18,,,0,43,,19502,18,,,0,83,,19497,18,,,0,83,,19503,18,,,0,83,,19512,18,,,0
1009400,'aebab1a8-3c1a-47f7-a9ad-73a4dd0b203e',932,,19516,18,,,0,83,,19523,18,,,0,43,,19518,18,,,0,84,,19522,18,,,0,84,,19525,18,,,0,84,,19524,18,,,0,44,,19519,18,,,0,84,,19527,18,,,0,84,,19517,18,,,0,84,,19521,18,,,0,44,,19526,18,,,0,84,,19520,18,,,0
1009600,'3d6b7334-041d-4cdf-b33e-9fc06607d92b',632,,19537,20,,,0,85,,19531,20,,,0,85,,19547,20,,,0,45,,19546,20,,,0,84,,19533,20,,,0,82,,19532,20,,,0,42,,19534,20,,,0,83,,19542,20,,,0,83,,19543,20,,,0,83,,19539,20,,,0,43,,19538,20,,,0,83,,19529,20,,,0,83,,19548,20,,,0,44,,19540,20,,,0,86,,19528,20,,,0,84,,19544,20,,,0,84,,19545,20,,,0,42,,19535,20,,,0,82,,19536,20,,,0,82,,19530,20,,,0,40,,19541,20,,,0
1009600,'55f98007-25ae-4999-903a-9517a72acc76',631,,19565,20,,,0,81,,19564,20,,,0,42,,19560,20,,,0,82,,19557,20,,,0,82,,19549,20,,,0,84,,19562,20,,,0,44,,19558,20,,,0,84,,19569,20,,,0,84,,19566,20,,,0,44,,19556,20,,,0,84,,19563,20,,,0,82,,19561,20,,,0,82,,19570,20,,,0,42,,19555,20,,,0,82,,19552,20,,,0,82,,19554,20,,,0,40,,19550,20,,,0,80,,19568,20,,,0,80,,19553,20,,,0,40,,19559,20,,,0,80,,19567,20,,,0,80,,19551,20,,,0
1009600,'aebab1a8-3c1a-47f7-a9ad-73a4dd0b203e',931,,19576,20,,,0,81,,19573,20,,,0,42,,19582,20,,,0,83,,19571,20,,,0,84,,19575,20,,,0,84,,19583,20,,,0,44,,19580,20,,,0,84,,19572,20,,,0,83,,19581,20,,,0,40,,19579,20,,,0,80,,19578,20,,,0,80,,19577,20,,,0,40,,19574,20,,,0
