5104,'29bb4b7a-5d7b-4f78-bccd-adce0636a676',1028,,18385,146,0,9 1 10,0,77,,18391,146,0,9 1 10,0,35,,18381,146,0,9 1 10,0,75,,18377,146,0,9 1 10,0,35,,18390,146,0,9 1 10,0,75,,18386,146,0,9 1 10,0,75,,18379,146,0,9 1 10,0,35,,18382,146,0,9 1 10,0,75,,18376,146,0,9 1 10,0,35,,18387,146,0,9 1 10,0,75,,18384,146,0,9 1 10,0,35,,18378,146,0,9 1 10,0,75,,18380,146,0,9 1 10,0,75,,18389,146,0,9 1 10,0,35,,18383,146,0,9 1 10,0,74,,18388,146,0,9 1 10,0
5104,'3d6b7334-041d-4cdf-b33e-9fc06607d92b',612,,18407,146,0,9 1 10,0,18,,18398,146,0,9 1 10,0,13,,18445,146,0,9 1 10,0,13,,18448,146,0,9 1 10,0,57,,18400,146,0,9 1 10,0,14,,18415,146,0,9 1 10,0,24,,18416,146,0,9 1 10,0,52,,18426,146,0,9 1 10,0,20,,18456,146,0,9 1 10,0,17,,18449,146,0,9 1 10,0,15,,18460,146,0,9 1 10,0,58,,18428,146,0,9 1 10,0,15,,18414,146,0,9 1 10,0,14,,18468,146,0,9 1 10,0,14,,18408,146,0,9 1 10,0,56,,18447,146,0,9 1 10,0,17,,18431,146,0,9 1 10,0,17,,18427,146,0,9 1 10,0,57,,18464,146,0,9 1 10,0,16,,18466,146,0,9 1 10,0,15,,18418,146,0,9 1 10,0,15,,18429,146,0,9 1 10,0,55,,18452,146,0,9 1 10,0,16,,18446,146,0,9 1 10,0,16,,18459,146,0,9 1 10,0,13,,18402,146,0,9 1 10,0,54,,18463,146,0,9 1 10,0,14,,18434,146,0,9 1 10,0,14,,18392,146,0,9 1 10,0,14,,18457,146,0,9 1 10,0,13,,18405,146,0,9 1 10,0,55,,18403,146,0,9 1 10,0,16,,18424,146,0,9 1 10,0,15,,18437,146,0,9 1 10,0,11,,18443,146,0,9 1 10,0,60,,18438,146,0,9 1 10,0,14,,18399,146,0,9 1 10,0,14,,18461,146,0,9 1 10,0,14,,18441,146,0,9 1 10,0,54,,18396,146,0,9 1 10,0,16,,18435,146,0,9 1 10,0,14,,18433,146,0,9 1 10,0,16,,18419,146,0,9 1 10,0,55,,18412,146,0,9 1 10,0,15,,18413,146,0,9 1 10,0,14,,18451,146,0,9 1 10,0,14,,18453,146,0,9 1 10,0,54,,18395,146,0,9 1 10,0,15,,18467,146,0,9 1 10,0,11,,18421,146,0,9 1 10,0,19,,18393,146,0,9 1 10,0,52,,18422,146,0,9 1 10,0,15,,18397,146,0,9 1 10,0,11,,18432,146,0,9 1 10,0,14,,18430,146,0,9 1 10,0,11,,18394,146,0,9 1 10,0,62,,18454,146,0,9 1 10,0,16,,18406,146,0,9 1 10,0,19,,18469,146,0,9 1 10,0,54,,18465,146,0,9 1 10,0,14,,18458,146,0,9 1 10,0,14,,18425,146,0,9 1 10,0,14,,18455,146,0,9 1 10,0,50,,18436,146,0,9 1 10,0,16,,18404,146,0,9 1 10,0,17,,18423,146,0,9 1 10,0,15,,18439,146,0,9 1 10,0,54,,18409,146,0,9 1 10,0,14,,18450,146,0,9 1 10,0
5104,'55f98007-25ae-4999-903a-9517a72acc76',619,,18491,146,0,9 1 10,0,15,,18534,146,0,9 1 10,0,15,,18526,146,0,9 1 10,0,55,,18516,146,0,9 1 10,0,15,,18498,146,0,9 1 10,0,14,,18519,146,0,9 1 10,0,14,,18506,146,0,9 1 10,0,61,,18529,146,0,9 1 10,0,15,,18527,146,0,9 1 10,0,15,,18515,146,0,9 1 10,0,15,,18489,146,0,9 1 10,0,55,,18474,146,0,9 1 10,0,17,,18523,146,0,9 1 10,0,18,,18479,146,0,9 1 10,0,58,,18530,146,0,9 1 10,0,16,,18520,146,0,9 1 10,0,15,,18500,146,0,9 1 10,0,15,,18488,146,0,9 1 10,0,63,,18472,146,0,9 1 10,0,18,,18533,146,0,9 1 10,0,22,,18531,146,0,9 1 10,0,56,,18477,146,0,9 1 10,0,16,,18518,146,0,9 1 10,0,12,,18512,146,0,9 1 10,0,12,,18517,146,0,9 1 10,0,12,,18471,146,0,9 1 10,0,63,,18486,146,0,9 1 10,0,19,,18514,146,0,9 1 10,0,19,,18536,146,0,9 1 10,0,56,,18475,146,0,9 1 10,0,16,,18495,146,0,9 1 10,0,16,,18485,146,0,9 1 10,0,58,,18537,146,0,9 1 10,0,16,,18528,146,0,9 1 10,0,16,,18524,146,0,9 1 10,0,18,,18478,146,0,9 1 10,0,56,,18481,146,0,9 1 10,0,17,,18496,146,0,9 1 10,0,16,,18494,146,0,9 1 10,0,59,,18507,146,0,9 1 10,0,16,,18476,146,0,9 1 10,0,16,,18484,146,0,9 1 10,0,20,,18505,146,0,9 1 10,0,55,,18503,146,0,9 1 10,0,16,,18473,146,0,9 1 10,0,16,,18497,146,0,9 1 10,0,11,,18508,146,0,9 1 10,0,57,,18499,146,0,9 1 10,0,17,,18504,146,0,9 1 10,0,18,,18483,146,0,9 1 10,0,58,,18480,146,0,9 1 10,0,16,,18487,146,0,9 1 10,0,13,,18510,146,0,9 1 10,0,17,,18535,146,0,9 1 10,0,57,,18501,146,0,9 1 10,0,18,,18532,146,0,9 1 10,0,18,,18470,146,0,9 1 10,0,16,,18511,146,0,9 1 10,0,55,,18522,146,0,9 1 10,0,16,,18513,146,0,9 1 10,0,17,,18492,146,0,9 1 10,0,56,,18521,146,0,9 1 10,0,16,,18525,146,0,9 1 10,0
5104,'aebab1a8-3c1a-47f7-a9ad-73a4dd0b203e',927,,18548,146,0,9 1 10,0,20,,18566,146,0,9 1 10,0,58,,18559,146,0,9 1 10,0,20,,18555,146,0,9 1 10,0,9,,18552,146,0,9 1 10,0,76,,18557,146,0,9 1 10,0,20,,18564,146,0,9 1 10,0,18,,18541,146,0,9 1 10,0,58,,18551,146,0,9 1 10,0,18,,18561,146,0,9 1 10,0,18,,18554,146,0,9 1 10,0,60,,18539,146,0,9 1 10,0,18,,18538,146,0,9 1 10,0,18,,18542,146,0,9 1 10,0,18,,18569,146,0,9 1 10,0,58,,18546,146,0,9 1 10,0,18,,18568,146,0,9 1 10,0,23,,18567,146,0,9 1 10,0,58,,18553,146,0,9 1 10,0,18,,18550,146,0,9 1 10,0,18,,18545,146,0,9 1 10,0,58,,18556,146,0,9 1 10,0,18,,18565,146,0,9 1 10,0,20,,18558,146,0,9 1 10,0,60,,18543,146,0,9 1 10,0,19,,18560,146,0,9 1 10,0,16,,18562,146,0,9 1 10,0,18,,18540,146,0,9 1 10,0,58,,18549,146,0,9 1 10,0,5,,18544,146,0,9 1 10,0
6600,'3d6b7334-041d-4cdf-b33e-9fc06607d92b',729,,19062,259,,,0,110,,19072,259,,,0,170,,19063,259,,,0,109,,19066,259,,,0,111,,19065,259,,,0,114,,19071,317,0,8,0,110,,19073,301,,,0,150,,19069,301,,,0,110,,19064,301,,,0,110,,19070,301,,,0,115,,19067,386,,,0,101,,19068,301,,,0
6600,'55f98007-25ae-4999-903a-9517a72acc76',729,,19075,259,,,0,100,,19076,259,,,0,800,,19078,259,,,0,100,,19077,259,,,0,100,,19074,259,,,0
6600,'aebab1a8-3c1a-47f7-a9ad-73a4dd0b203e',1129,,19079,259,,,0,200,,19082,259,,,0,200,,19081,259,,,0,200,,19080,259,,,0
6700,'3d6b7334-041d-4cdf-b33e-9fc06607d92b',659,,19099,104,,,0,70,,19094,104,,,0,76,,19095,104,,,0,35,,19089,104,,,0,71,,19084,104,,,0,30,,19087,104,,,0,100,,19092,104,,,0,378,,19090,104,,,0,30,,19093,104,,,0,154,,19088,104,,,0,35,,19085,104,,,0,75,,19083,104,,,0,35,,19098,104,,,0,71,,19096,104,,,0,100,,19086,104,,,0,100,,19097,104,,,0
6700,'55f98007-25ae-4999-903a-9517a72acc76',659,,19103,104,,,0,100,,19102,104,,,0,100,,19105,104,,,0,100,,19107,104,,,0,100,,19108,104,,,0,500,,19106,104,,,0,100,,19104,104,,,0,100,,19100,104,,,0,100,,19101,104,,,0,100,,19109,104,,,0
6700,'aebab1a8-3c1a-47f7-a9ad-73a4dd0b203e',959,,19110,104,,,0,200,,19114,104,,,0,200,,19111,104,,,0,200,,19112,104,,,0,200,,19113,104,,,0
6800,'3d6b7334-041d-4cdf-b33e-9fc06607d92b',659,,19126,164,,,0,70,,19115,164,,,0,30,,19123,164,,,0,70,,19124,164,,,0,30,,19121,166,,,0,152,,19116,166,,,0,100,,19127,166,,,0,448,,19122,164,,,0,70,,19118,164,,,0,30,,19120,164,,,0,70,,19125,164,,,0,30,,19129,166,,,0,90,,19128,166,,,0,100,,19117,166,,,0,100,,19119,166,,,0
6800,'55f98007-25ae-4999-903a-9517a72acc76',729,,19130,166,,,0,100,,19137,166,,,0,100,,19134,166,,,0,100,,19136,166,,,0,600,,19135,166,,,0,100,,19131,166,,,0,100,,19133,166,,,0,100,,19138,164,,,0,100,,19132,166,,,0
6800,'aebab1a8-3c1a-47f7-a9ad-73a4dd0b203e',1029,,19143,166,,,0,200,,19142,166,,,0,200,,19141,166,,,0,200,,19140,166,,,0,200,,19139,166,,,0
8100,'29bb4b7a-5d7b-4f78-bccd-adce0636a676',1114,,19152,241,,,0,100,,19151,241,,,0,100,,19146,241,,,0,100,,19150,241,,,0,100,,19149,241,,,0,100,,19147,241,,,0,100,,19145,241,,,0,100,,19148,241,,,0,100,,19144,241,,,0
8100,'3d6b7334-041d-4cdf-b33e-9fc06607d92b',2229,,19153,241,,,0
8100,'55f98007-25ae-4999-903a-9517a72acc76',729,,19160,282,,,0,100,,19154,282,,,0,100,,19157,282,,,0,200,,19162,282,,,0,100,,19159,282,,,0,100,,19156,282,,,0,200,,19155,282,,,0,100,,19158,282,,,0,100,,19166,282,,,0,100,,19164,282,,,0,100,,19167,282,,,0,100,,19165,282,,,0,100,,19161,282,,,0,100,,19163,241,,,0
8100,'aebab1a8-3c1a-47f7-a9ad-73a4dd0b203e',1129,,19169,282,,,0,100,,19170,282,,,0,200,,19168,282,,,0,100,,19174,282,,,0,100,,19172,282,,,0,100,,19173,282,,,0,100,,19171,331,,,0
8200,'55f98007-25ae-4999-903a-9517a72acc76',1029,,19176,369,,,0,400,,19175,369,,,0
8200,'aebab1a8-3c1a-47f7-a9ad-73a4dd0b203e',1329,,19177,369,,,0
8600,'3d6b7334-041d-4cdf-b33e-9fc06607d92b',617,,19202,125,,,0,35,,19199,125,,,0,75,,19217,125,,,0,80,,19212,125,,,0,40,,19218,125,,,0,80,,19214,125,,,0,75,,19210,125,,,0,35,,19206,125,,,0,75,,19213,125,,,0,35,,19198,125,,,0,75,,19215,125,,,0,35,,19219,125,,,0,75,,19200,125,,,0,75,,19201,125,,,0,35,,19203,125,,,0,75,,19211,125,,,0,35,,19194,125,,,0,75,,19197,125,,,0,80,,19205,125,,,0,40,,19208,125,,,0,75,,19207,125,,,0,80,,19204,125,,,0,35,,19195,125,,,0,75,,19209,125,,,0,35,,19196,125,,,0,75,,19216,123,,,0
