16,1600,'3d6b7334-041d-4cdf-b33e-9fc06607d92b',18029,18030,18031,18032,18033,18034,18035,18036,18037,18038,18039,18040,18041,18042,18043,18044,18045,18046,18047,18048,18049,18050,18051,18052,18053,18054,18055
16,1600,'55f98007-25ae-4999-903a-9517a72acc76',18056,18057,18058,18059,18060,18061,18062,18063,18064,18065,18066,18067,18068
16,1600,'aebab1a8-3c1a-47f7-a9ad-73a4dd0b203e',18069,18070,18071,18072,18073,18074,18075,18076,18077,18078,18079,18080,18081
50,5000,'29bb4b7a-5d7b-4f78-bccd-adce0636a676',18082,18083,18084,18085,18086,18087,18088,18089,18090,18091,18092,18093,18094,18095,18096,18097,18098,18099
50,5000,'3d6b7334-041d-4cdf-b33e-9fc06607d92b',18100,18101,18102,18103,18104,18105,18106,18107,18108,18109,18110,18111,18112,18113,18114,18115,18116,18117,18118,18119,18120,18121,18122,18123,18124,18125,18126,18127,18128,18129,18130,18131,18132,18133,18134,18135
50,5000,'55f98007-25ae-4999-903a-9517a72acc76',18136,18137,18138,18139,18140,18141,18142,18143,18144,18145,18146,18147,18148,18149,18150,18151,18152,18153,18154,18155,18156,18157,18158,18159,18160,18161,18162,18163
50,5000,'aebab1a8-3c1a-47f7-a9ad-73a4dd0b203e',18164,18165,18166,18167,18168,18169,18170,18171,18172,18173,18174,18175,18176,18177,18178,18179,18180,18181
51,5103,'29bb4b7a-5d7b-4f78-bccd-adce0636a676',18182,18183,18184,18185,18186,18187,18188,18189,18190,18191,18192,18193,18194,18195,18196,18197
51,5103,'3d6b7334-041d-4cdf-b33e-9fc06607d92b',18198,18199,18200,18201,18202,18203,18204,18205,18206,18207,18208,18209,18210,18211,18212,18213,18214,18215,18216,18217,18218,18219,18220,18221,18222,18223,18224,18225,18226,18227,18228,18229,18230,18231,18232,18233,18234,18235,18236,18237,18238,18239,18240,18241,18242,18243,18244,18245,18246,18247,18248,18249,18250,18251,18252,18253,18254,18255,18256,18257,18258,18259,18260,18261,18262,18263,18264,18265,18266,18267,18268,18269,18270,18271,18272,18273
51,5103,'55f98007-25ae-4999-903a-9517a72acc76',18274,18275,18276,18277,18278,18279,18280,18281,18282,18283,18284,18285,18286,18287,18288,18289,18290,18291,18292,18293,18294,18295,18296,18297,18298,18299,18300,18301,18302,18303,18304,18305,18306,18307,18308,18309,18310,18311,18312,18313,18314,18315,18316,18317,18318,18319,18320,18321,18322,18323,18324,18325,18326,18327,18328,18329,18330,18331,18332,18333,18334,18335,18336,18337,18338,18339,18340,18341,18342,18343
51,5103,'aebab1a8-3c1a-47f7-a9ad-73a4dd0b203e',18344,18345,18346,18347,18348,18349,18350,18351,18352,18353,18354,18355,18356,18357,18358,18359,18360,18361,18362,18363,18364,18365,18366,18367,18368,18369,18370,18371,18372,18373,18374,18375
51,5104,'29bb4b7a-5d7b-4f78-bccd-adce0636a676',18376,18377,18378,18379,18380,18381,18382,18383,18384,18385,18386,18387,18388,18389,18390,18391
51,5104,'3d6b7334-041d-4cdf-b33e-9fc06607d92b',18392,18393,18394,18395,18396,18397,18398,18399,18400,18401,18402,18403,18404,18405,18406,18407,18408,18409,18410,18411,18412,18413,18414,18415,18416,18417,18418,18419,18420,18421,18422,18423,18424,18425,18426,18427,18428,18429,18430,18431,18432,18433,18434,18435,18436,18437,18438,18439,18440,18441,18442,18443,18444,18445,18446,18447,18448,18449,18450,18451,18452,18453,18454,18455,18456,18457,18458,18459,18460,18461,18462,18463,18464,18465,18466,18467,18468,18469
51,5104,'55f98007-25ae-4999-903a-9517a72acc76',18470,18471,18472,18473,18474,18475,18476,18477,18478,18479,18480,18481,18482,18483,18484,18485,18486,18487,18488,18489,18490,18491,18492,18493,18494,18495,18496,18497,18498,18499,18500,18501,18502,18503,18504,18505,18506,18507,18508,18509,18510,18511,18512,18513,18514,18515,18516,18517,18518,18519,18520,18521,18522,18523,18524,18525,18526,18527,18528,18529,18530,18531,18532,18533,18534,18535,18536,18537
51,5104,'aebab1a8-3c1a-47f7-a9ad-73a4dd0b203e',18538,18539,18540,18541,18542,18543,18544,18545,18546,18547,18548,18549,18550,18551,18552,18553,18554,18555,18556,18557,18558,18559,18560,18561,18562,18563,18564,18565,18566,18567,18568,18569
60,6000,'29bb4b7a-5d7b-4f78-bccd-adce0636a676',18570,18571,18572,18573,18574,18575,18576,18577,18578,18579,18580,18581,18582,18583,18584,18585
60,6000,'3d6b7334-041d-4cdf-b33e-9fc06607d92b',18586,18587,18588,18589,18590,18591,18592,18593,18594,18595,18596,18597,18598,18599,18600,18601,18602,18603,18604,18605,18606,18607,18608,18609,18610,18611
60,6000,'55f98007-25ae-4999-903a-9517a72acc76',18612,18613,18614,18615,18616,18617,18618,18619,18620,18621,18622,18623,18624,18625,18626,18627,18628,18629,18630,18631,18632,18633,18634,18635,18636,18637
60,6000,'aebab1a8-3c1a-47f7-a9ad-73a4dd0b203e',18638,18639,18640,18641,18642,18643,18644,18645,18646,18647,18648,18649,18650,18651,18652
61,6100,'29bb4b7a-5d7b-4f78-bccd-adce0636a676',18653,18654,18655,18656,18657,18658,18659,18660,18661,18662,18663,18664,18665,18666,18667
61,6100,'3d6b7334-041d-4cdf-b33e-9fc06607d92b',18668,18669,18670,18671,18672,18673,18674,18675,18676,18677,18678,18679,18680,18681,18682,18683,18684,18685,18686,18687,18688,18689,18690,18691,18692,18693,18694,18695,18696,18697,18698,18699,18700,18701,18702,18703,18704,18705,18706,18707,18708,18709
61,6100,'55f98007-25ae-4999-903a-9517a72acc76',18710,18711,18712,18713,18714,18715,18716,18717,18718,18719,18720,18721,18722,18723,18724,18725,18726,18727,18728,18729,18730,18731,18732,18733
61,6100,'aebab1a8-3c1a-47f7-a9ad-73a4dd0b203e',18734,18735,18736,18737,18738,18739,18740,18741,18742,18743,18744,18745,18746
62,6200,'29bb4b7a-5d7b-4f78-bccd-adce0636a676',18747,18748,18749,18750,18751,18752,18753,18754,18755,18756,18757,18758,18759,18760,18761
62,6200,'3d6b7334-041d-4cdf-b33e-9fc06607d92b',18762,18763,18764,18765,18766,18767,18768,18769,18770,18771,18772,18773,18774,18775,18776,18777,18778,18779,18780,18781,18782,18783,18784,18785,18786
62,6200,'55f98007-25ae-4999-903a-9517a72acc76',18787,18788,18789,18790,18791,18792,18793,18794,18795,18796,18797,18798,18799,18800,18801,18802,18803,18804,18805,18806,18807,18808,18809,18810,18811
62,6200,'aebab1a8-3c1a-47f7-a9ad-73a4dd0b203e',18812,18813,18814,18815,18816,18817,18818,18819,18820,18821,18822,18823
63,6300,'3d6b7334-041d-4cdf-b33e-9fc06607d92b',18824,18825,18826,18827,18828,18829,18830,18831,18832,18833,18834,18835,18836,18837,18838,18839,18840,18841,18842,18843,18844,18845,18846,18847,18848,18849,18850
63,6300,'55f98007-25ae-4999-903a-9517a72acc76',18851,18852,18853,18854,18855,18856,18857,18858,18859,18860,18861,18862,18863,18864,18865,18866,18867,18868,18869,18870,18871,18872,18873,18874,18875,18876,18877
63,6300,'aebab1a8-3c1a-47f7-a9ad-73a4dd0b203e',18878,18879,18880,18881,18882,18883,18884,18885,18886,18887,18888,18889,18890,18891,18892
64,6400,'29bb4b7a-5d7b-4f78-bccd-adce0636a676',18893,18894,18895,18896,18897,18898,18899,18900,18901,18902,18903,18904,18905,18906,18907,18908
64,6400,'3d6b7334-041d-4cdf-b33e-9fc06607d92b',18909,18910,18911,18912,18913,18914,18915,18916,18917,18918,18919,18920,18921,18922,18923,18924,18925,18926,18927,18928,18929,18930,18931,18932,18933,18934,18935,18936,18937,18938,18939,18940,18941,18942,18943,18944,18945,18946
64,6400,'55f98007-25ae-4999-903a-9517a72acc76',18947,18948,18949,18950,18951,18952,18953,18954,18955,18956,18957,18958,18959,18960,18961,18962,18963,18964,18965,18966,18967,18968,18969,18970,18971,18972,18973
64,6400,'aebab1a8-3c1a-47f7-a9ad-73a4dd0b203e',18974,18975,18976,18977,18978,18979,18980,18981,18982,18983,18984,18985,18986,18987,18988,18989
65,6500,'3d6b7334-041d-4cdf-b33e-9fc06607d92b',18990,18991,18992,18993,18994,18995,18996,18997,18998,18999,19000,19001,19002,19003,19004,19005,19006,19007,19008,19009,19010,19011,19012,19013,19014,19015,19016,19017
65,6500,'55f98007-25ae-4999-903a-9517a72acc76',19018,19019,19020,19021,19022,19023,19024,19025,19026,19027,19028,19029,19030,19031,19032,19033,19034,19035,19036,19037,19038,19039,19040,19041,19042,19043,19044,19045
65,6500,'aebab1a8-3c1a-47f7-a9ad-73a4dd0b203e',19046,19047,19048,19049,19050,19051,19052,19053,19054,19055,19056,19057,19058,19059,19060,19061
66,6600,'3d6b7334-041d-4cdf-b33e-9fc06607d92b',19062,19063,19064,19065,19066,19067,19068,19069,19070,19071,19072,19073
66,6600,'55f98007-25ae-4999-903a-9517a72acc76',19074,19075,19076,19077,19078
66,6600,'aebab1a8-3c1a-47f7-a9ad-73a4dd0b203e',19079,19080,19081,19082
67,6700,'3d6b7334-041d-4cdf-b33e-9fc06607d92b',19083,19084,19085,19086,19087,19088,19089,19090,19091,19092,19093,19094,19095,19096,19097,19098,19099
67,6700,'55f98007-25ae-4999-903a-9517a72acc76',19100,19101,19102,19103,19104,19105,19106,19107,19108,19109
67,6700,'aebab1a8-3c1a-47f7-a9ad-73a4dd0b203e',19110,19111,19112,19113,19114
68,6800,'3d6b7334-041d-4cdf-b33e-9fc06607d92b',19115,19116,19117,19118,19119,19120,19121,19122,19123,19124,19125,19126,19127,19128,19129
68,6800,'55f98007-25ae-4999-903a-9517a72acc76',19130,19131,19132,19133,19134,19135,19136,19137,19138
68,6800,'aebab1a8-3c1a-47f7-a9ad-73a4dd0b203e',19139,19140,19141,19142,19143
81,8100,'29bb4b7a-5d7b-4f78-bccd-adce0636a676',19144,19145,19146,19147,19148,19149,19150,19151,19152
81,8100,'3d6b7334-041d-4cdf-b33e-9fc06607d92b',19153
81,8100,'55f98007-25ae-4999-903a-9517a72acc76',19154,19155,19156,19157,19158,19159,19160,19161,19162,19163,19164,19165,19166,19167
81,8100,'aebab1a8-3c1a-47f7-a9ad-73a4dd0b203e',19168,19169,19170,19171,19172,19173,19174
82,8200,'55f98007-25ae-4999-903a-9517a72acc76',19175,19176
82,8200,'aebab1a8-3c1a-47f7-a9ad-73a4dd0b203e',19177
85,8500,'3d6b7334-041d-4cdf-b33e-9fc06607d92b',19178,19179,19180,19181,19182,19183,19184,19185,19186,19187,19188,19189,19190,19191,19192,19193
86,8600,'3d6b7334-041d-4cdf-b33e-9fc06607d92b',19194,19195,19196,19197,19198,19199,19200,19201,19202,19203,19204,19205,19206,19207,19208,19209,19210,19211,19212,19213,19214,19215,19216,19217,19218,19219
93,9300,'3d6b7334-041d-4cdf-b33e-9fc06607d92b',19220,19221,19222,19223,19224,19225,19226,19227,19228,19229,19230,19231,19232,19233,19234,19235,19236
93,9300,'55f98007-25ae-4999-903a-9517a72acc76',19237,19238,19239,19240,19241,19242,19243,19244,19245,19246,19247,19248,19249,19250,19251,19252,19253,19254
93,9300,'aebab1a8-3c1a-47f7-a9ad-73a4dd0b203e',19255,19256,19257,19258,19259,19260,19261,19262,19263,19264,19265
94,9400,'3d6b7334-041d-4cdf-b33e-9fc06607d92b',19266,19267,19268,19269,19270,19271,19272,19273,19274,19275,19276,19277,19278,19279,19280,19281,19282,19283,19284
94,9400,'55f98007-25ae-4999-903a-9517a72acc76',19285,19286,19287,19288,19289,19290,19291,19292,19293,19294,19295,19296,19297,19298,19299,19300,19301,19302,19303,19304
94,9400,'aebab1a8-3c1a-47f7-a9ad-73a4dd0b203e',19305,19306,19307,19308,19309,19310,19311,19312,19313,19314,19315
96,9600,'3d6b7334-041d-4cdf-b33e-9fc06607d92b',19316,19317,19318,19319,19320,19321,19322,19323,19324,19325,19326,19327,19328,19329,19330,19331,19332,19333,19334
96,9600,'55f98007-25ae-4999-903a-9517a72acc76',19335,19336,19337,19338,19339,19340,19341,19342,19343,19344,19345,19346,19347,19348,19349,19350,19351,19352,19353,19354
96,9600,'aebab1a8-3c1a-47f7-a9ad-73a4dd0b203e',19355,19356,19357,19358,19359,19360,19361,19362,19363,19364,19365
98,9800,'3d6b7334-041d-4cdf-b33e-9fc06607d92b',19366,19367,19368,19369,19370,19371,19372,19373,19374,19375,19376,19377,19378,19379,19380,19381,19382,19383,19384,19385,19386
98,9800,'55f98007-25ae-4999-903a-9517a72acc76',19387,19388,19389,19390,19391,19392,19393,19394,19395,19396,19397,19398,19399,19400,19401,19402,19403,19404,19405,19406,19407
98,9800,'aebab1a8-3c1a-47f7-a9ad-73a4dd0b203e',19408,19409,19410,19411,19412,19413,19414,19415,19416,19417,19418,19419
98,9801,'3d6b7334-041d-4cdf-b33e-9fc06607d92b',19420,19421,19422,19423,19424,19425,19426,19427,19428,19429,19430,19431,19432,19433,19434,19435,19436,19437,19438,19439,19440
98,9801,'55f98007-25ae-4999-903a-9517a72acc76',19441,19442,19443,19444,19445,19446,19447,19448,19449,19450,19451,19452,19453,19454,19455,19456,19457,19458,19459,19460,19461
98,9801,'aebab1a8-3c1a-47f7-a9ad-73a4dd0b203e',19462,19463,19464,19465,19466,19467,19468,19469,19470,19471,19472,19473
10094,1009400,'3d6b7334-041d-4cdf-b33e-9fc06607d92b',19474,19475,19476,19477,19478,19479,19480,19481,19482,19483,19484,19485,19486,19487,19488,19489,19490,19491,19492,19493,19494
10094,1009400,'55f98007-25ae-4999-903a-9517a72acc76',19495,19496,19497,19498,19499,19500,19501,19502,19503,19504,19505,19506,19507,19508,19509,19510,19511,19512,19513,19514,19515
10094,1009400,'aebab1a8-3c1a-47f7-a9ad-73a4dd0b203e',19516,19517,19518,19519,19520,19521,19522,19523,19524,19525,19526,19527
10096,1009600,'3d6b7334-041d-4cdf-b33e-9fc06607d92b',19528,19529,19530,19531,19532,19533,19534,19535,19536,19537,19538,19539,19540,19541,19542,19543,19544,19545,19546,19547,19548
10096,1009600,'55f98007-25ae-4999-903a-9517a72acc76',19549,19550,19551,19552,19553,19554,19555,19556,19557,19558,19559,19560,19561,19562,19563,19564,19565,19566,19567,19568,19569,19570
10096,1009600,'aebab1a8-3c1a-47f7-a9ad-73a4dd0b203e',19571,19572,19573,19574,19575,19576,19577,19578,19579,19580,19581,19582,19583
