1600,'3d6b7334-041d-4cdf-b33e-9fc06607d92b',706,,18052,94,,,0,32,,18041,94,,,0,75,,18039,94,,,0,33,,18048,94,,,0,70,,18055,94,,,0,30,,18045,94,,,0,70,,18035,94,,,0,30,,18054,94,,,0,70,,18036,94,,,0,30,,18029,94,,,0,75,,18047,94,,,0,37,,18044,94,,,0,75,,18033,94,,,0,75,,18046,94,,,0,35,,18037,94,,,0,75,,18030,94,,,0,35,,18031,94,,,0,78,,18042,94,,,0,80,,18049,94,,,0,40,,18034,94,,,0,75,,18053,94,,,0,30,,18038,94,,,0,70,,18040,94,,,0,30,,18050,94,,,0,70,,18032,94,,,0,30,,18051,94,,,0,70,,18043,105,,,0
1600,'55f98007-25ae-4999-903a-9517a72acc76',1153,,18059,94,,,0,75,,18064,94,,,0,75,,18061,94,,,0,35,,18062,94,,,0,75,,18066,94,,,0,35,,18060,94,,,0,75,,18067,94,,,0,35,,18065,94,,,0,75,,18057,94,,,0,75,,18068,94,,,0,35,,18063,94,,,0,75,,18058,94,,,0,35,,18056,105,,,0
1600,'aebab1a8-3c1a-47f7-a9ad-73a4dd0b203e',1043,,18077,94,,,0,75,,18075,94,,,0,35,,18079,94,,,0,75,,18074,94,,,0,75,,18073,94,,,0,35,,18069,94,,,0,75,,18080,94,,,0,35,,18076,94,,,0,75,,18070,94,,,0,35,,18071,94,,,0,75,,18081,94,,,0,75,,18078,94,,,0,35,,18072,105,,,0
5000,'29bb4b7a-5d7b-4f78-bccd-adce0636a676',1027,,18082,330,,,0,75,,18092,375,,,0,35,,18099,375,,,0,75,,18083,375,,,0,35,,18090,375,,,0,75,,18084,375,,,0,35,,18091,375,,,0,75,,18087,375,,,0,75,,18097,375,,,0,35,,18096,375,,,0,75,,18085,375,,,0,35,,18098,375,,,0,75,,18089,375,,,0,75,,18086,375,,,0,35,,18093,375,,,0
5000,'3d6b7334-041d-4cdf-b33e-9fc06607d92b',653,,18124,375,,,0,64,,18109,375,,,0,24,,18116,375,,,0,69,,18101,375,,,0,26,,18127,375,,,0,66,,18120,375,,,0,26,,18103,375,,,0,23,,18118,375,,,0,67,,18106,375,,,0,25,,18129,375,,,0,64,,18126,322,,,0,31,,18108,375,,,0,69,,18110,375,,,0,48,,18113,375,,,0,71,,18100,375,,,0,85,,18128,375,,,0,34,,18111,375,,,0,67,,18104,375,,,0,28,,18131,375,,,0,69,,18130,375,,,0,33,,18134,375,,,0,72,,18117,375,,,0,27,,18133,375,,,0,74,,18125,375,,,0,25,,18119,375,,,0,66,,18107,375,,,0,27,,18102,375,,,0,24,,18112,375,,,0,63,,18135,375,,,0,93,,18132,375,,,0,23,,18123,375,,,0,90,,18121,375,,,0
5000,'55f98007-25ae-4999-903a-9517a72acc76',653,,18145,375,,,0,77,,18146,375,,,0,77,,18157,375,,,0,35,,18143,375,,,0,75,,18138,375,,,0,35,,18158,375,,,0,75,,18154,375,,,0,75,,18162,375,,,0,35,,18147,375,,,0,77,,18150,375,,,0,40,,18153,375,,,0,77,,18149,375,,,0,80,,18141,375,,,0,37,,18159,375,,,0,80,,18137,375,,,0,77,,18160,375,,,0,41,,18155,375,,,0,76,,18148,375,,,0,78,,18136,375,,,0,37,,18156,375,,,0,73,,18151,375,,,0,37,,18152,375,,,0,75,,18140,375,,,0,35,,18161,375,,,0,75,,18144,375,,,0
5000,'aebab1a8-3c1a-47f7-a9ad-73a4dd0b203e',952,,18167,375,,,0,76,,18165,375,,,0,74,,18181,375,,,0,34,,18171,375,,,0,75,,18164,375,,,0,35,,18170,375,,,0,76,,18179,375,,,0,34,,18177,375,,,0,76,,18166,375,,,0,74,,18178,375,,,0,36,,18168,375,,,0,74,,18173,375,,,0,36,,18175,375,,,0,74,,18180,375,,,0,76,,18169,375,,,0
6400,'29bb4b7a-5d7b-4f78-bccd-adce0636a676',1014,,18906,77,,,0,35,,18899,77,,,0,75,,18905,77,,,0,35,,18901,77,,,0,75,,18908,77,,,0,75,,18904,77,,,0,35,,18897,77,,,0,75,,18902,77,,,0,35,,18894,77,,,0,75,,18900,77,,,0,75,,18903,77,,,0,35,,18895,77,,,0,75,,18896,77,,,0,35,,18898,77,,,0,75,,18907,77,,,0,35,,18893,77,,,0
6400,'3d6b7334-041d-4cdf-b33e-9fc06607d92b',634,,18945,77,,,0,75,,18909,77,,,0,21,,18931,77,,,0,18,,18926,77,,,0,58,,18937,77,,,0,18,,18923,77,,,0,18,,18919,77,,,0,58,,18939,77,,,0,18,,18933,77,,,0,18,,18914,77,,,0,18,,18925,77,,,0,58,,18917,77,,,0,35,,18942,77,,,0,75,,18932,77,,,0,35,,18936,77,,,0,75,,18941,77,,,0,75,,18946,77,,,0,35,,18935,77,,,0,75,,18938,77,,,0,35,,18910,77,,,0,58,,18940,77,,,0,18,,18912,77,,,0,18,,18944,77,,,0,58,,18929,77,,,0,18,,18924,77,,,0,18,,18921,77,,,0,18,,18922,77,,,0,58,,18928,77,,,0,18,,18930,77,,,0,18,,18913,77,,,0,75,,18915,77,,,0,75,,18920,77,,,0,35,,18916,77,,,0,75,,18918,77,,,0,32,,18911,77,,,0,70,,18934,77,,,0,30,,18943,77,,,0,70,,18927,77,,,0
6400,'55f98007-25ae-4999-903a-9517a72acc76',634,,18968,77,,,0,75,,18967,77,,,0,35,,18963,77,,,0,80,,18957,77,,,0,80,,18966,77,,,0,40,,18956,77,,,0,75,,18953,77,,,0,35,,18955,77,,,0,75,,18954,77,,,0,75,,18964,77,,,0,35,,18948,77,,,0,75,,18950,77,,,0,35,,18959,77,,,0,75,,18965,77,,,0,35,,18949,77,,,0,75,,18951,77,,,0,75,,18970,77,,,0,40,,18962,77,,,0,80,,18947,77,,,0,80,,18971,77,,,0,40,,18958,77,,,0,75,,18952,77,,,0,35,,18961,77,,,0,75,,18969,77,,,0,75,,18973,77,,,0,35,,18972,77,,,0,75,,18960,77,,,0
6400,'aebab1a8-3c1a-47f7-a9ad-73a4dd0b203e',944,,18981,77,,,0,75,,18987,77,,,0,35,,18977,77,,,0,75,,18975,77,,,0,75,,18978,77,,,0,35,,18988,77,,,0,75,,18976,77,,,0,35,,18983,77,,,0,75,,18989,77,,,0,35,,18985,77,,,0,75,,18984,77,,,0,75,,18982,77,,,0,35,,18980,77,,,0,75,,18974,77,,,0,35,,18979,77,,,0,75,,18986,77,,,0
