1600,6810200,1,0,0
1600,6810793,2,0,0
1600,6810201,3,0,0
1600,6810202,4,0,0
1600,6810950,5,0,0
1600,6810951,6,0,0
1600,6810422,7,0,0
1600,6810970,8,0,0
1600,6810423,9,0,0
1600,6810952,10,0,0
1600,6810953,11,0,0
1600,6810821,12,0,0
1600,6810426,13,0,0
1600,6810955,14,0,0
1600,6810956,15,0,0
1600,6811034,16,0,0
1600,6810958,17,0,0
1600,6811036,18,0,0
1600,6810962,19,0,0
1600,6810961,20,0,0
1600,6811018,21,0,0
1600,6811019,22,0,0
1600,6811020,23,0,0
1600,6811021,24,0,0
1600,6811035,25,0,0
1600,6811060,26,0,0
1600,6810746,27,0,0
1600,6810969,28,0,0
5000,6810200,1,0,0
5000,6810793,2,0,0
5000,6810201,3,0,0
5000,6810202,4,0,0
5000,6810203,5,0,0
5000,6810391,6,0,0
5000,6810785,7,0,0
5000,6810205,8,0,0
5000,6811075,9,0,0
5000,6811015,10,0,0
5000,6811104,11,0,0
5000,6811010,12,0,0
5000,6811011,13,0,0
5000,6815006,14,0,0
5000,6810929,15,0,0
5000,6810513,16,0,0
5000,6810320,17,0,0
5000,6811155,18,0,0
5000,6811156,19,0,0
5000,6811157,20,0,0
5000,6811158,21,0,0
5000,6811159,22,0,0
5000,6811093,23,0,0
5000,6810919,24,0,0
5000,6810920,25,0,0
5000,6810520,26,0,0
5000,6810521,27,0,0
5000,6810522,28,0,0
5000,6815007,29,0,0
5000,6815008,30,0,0
5000,6815009,31,0,0
5000,6815010,32,0,0
5000,6815011,33,0,0
5000,6815012,34,0,0
5000,6815013,35,0,0
5000,6815014,36,0,0
5000,6815015,37,0,0
5000,6815001,38,0,0
5000,6815026,39,0,0
5000,6815027,40,0,0
5000,6815028,41,0,0
5000,6815016,42,0,0
5000,6815017,43,0,0
5000,6815018,44,0,0
5000,6815019,45,0,0
5000,6815020,46,0,0
5000,6815021,47,0,0
5000,6815022,48,0,0
5000,6815023,49,0,0
5000,6815024,50,0,0
5000,6810248,51,0,0
5000,6810249,52,0,0
5000,6810250,53,0,0
5000,6811031,54,0,0
5000,6811029,55,0,0
5000,6815025,56,0,0
5000,6810746,57,0,0
5000,6810969,58,0,0
5100,6810200,1,0,0
5100,6811007,2,0,0
5100,6810259,3,0,0
5100,6810260,4,0,0
5100,6810780,5,0,0
5100,6810263,6,0,0
5100,6810782,7,0,0
5100,6810264,8,0,0
5100,6810265,9,0,0
5100,6810234,10,0,0
5100,6810251,11,0,0
5100,6810710,12,0,0
5100,6810712,13,0,0
5100,6810365,14,0,0
5100,6810366,15,0,0
5100,6811174,16,0,0
5100,6810795,17,0,0
5100,6810719,18,0,0
5100,6810405,19,0,0
5100,6810241,20,0,0
5100,6810242,21,0,0
5100,6810243,22,0,0
5100,6810245,23,0,0
5100,6810246,24,0,0
5100,6810247,25,0,0
5100,6810248,26,0,0
5100,6810249,27,0,0
5100,6810250,28,0,0
5100,6811031,29,0,0
5100,6811029,30,0,0
5100,6815106,31,0,0
5100,6810925,32,0,0
5100,6810317,33,0,0
5100,6810924,34,0,0
5100,6810318,35,0,0
5100,6810915,36,0,0
5100,6810916,37,0,0
5100,6810917,38,0,0
5100,6810320,39,0,0
5100,6810321,40,0,0
5100,6811008,41,0,0
5100,6810322,42,0,0
5100,6810323,43,0,0
5100,6810913,44,0,0
5100,6811141,45,0,0
5100,6811114,46,0,0
5100,6811115,47,1,1
5101,6811115,1,0,0
5101,6811116,2,0,0
5101,6811142,3,0,0
5101,6811162,4,0,0
5101,6810325,5,0,0
5101,6815101,6,0,0
5101,6815102,7,0,0
5101,6815103,8,0,0
5101,6815104,9,0,0
5101,6815105,10,0,0
5101,6815301,11,0,0
5101,6810521,12,0,0
5101,6810522,13,0,0
5101,6810523,14,0,0
5101,6810808,15,0,0
5101,6811075,16,0,0
5101,6810390,17,0,0
5101,6810391,18,0,0
5101,6810785,19,0,0
5101,6810213,20,0,0
5101,6810214,21,0,0
5101,6810215,22,0,0
5101,6810216,23,0,0
5101,6810217,24,0,0
5101,6810218,25,0,0
5101,6810219,26,0,0
5101,6810220,27,0,0
5101,6810221,28,0,0
5101,6810222,29,0,0
5101,6810223,30,0,0
5101,6810224,31,0,0
5101,6810225,32,0,0
5101,6810226,33,0,0
5101,6810227,34,0,0
5101,6810228,35,0,0
5101,6811178,36,0,0
5101,6811175,37,0,0
5101,6811176,38,0,0
5101,6811182,39,0,0
5101,6811183,40,0,0
5101,6810463,41,0,0
5101,6810464,42,0,0
5101,6810413,43,0,0
5101,6810252,44,0,0
5101,6810253,45,0,0
5101,6810254,46,0,0
5101,6810255,47,0,0
5101,6810256,48,0,0
5101,6810257,49,0,0
5101,6810258,50,0,0
5101,6810200,51,1,1
6000,6810234,1,0,0
6000,6810235,2,0,0
6000,6810267,3,0,0
6000,6810268,4,0,0
6000,6810761,5,0,0
6000,6810991,6,0,0
6000,6810269,7,0,0
6000,6810762,8,0,0
6000,6810270,9,0,0
6000,6810763,10,0,0
6000,6810271,11,0,0
6000,6810992,12,0,0
6000,6810273,13,0,0
6000,6810765,14,0,0
6000,6810766,15,0,0
6000,6810993,16,0,0
6000,6810767,17,0,0
6000,6810276,18,0,0
6000,6810277,19,0,0
6000,6811117,20,0,0
6000,6810278,21,0,0
6000,6810768,22,0,0
6000,6810769,23,0,0
6000,6810280,24,0,0
6000,6810770,25,0,0
6000,6810994,26,0,0
6000,6810284,27,0,0
6000,6810995,28,0,0
6000,6810285,29,0,0
6000,6816007,30,0,0
6000,6816001,31,0,0
6000,6816002,32,0,0
6000,6816003,33,0,0
6000,6816004,34,0,0
6000,6816005,35,0,0
6000,6816704,36,0,0
6000,6816006,37,0,0
6000,6810286,38,0,0
6000,6810773,39,0,0
6000,6810288,40,0,0
6000,6811118,41,0,0
6000,6810289,42,0,0
6000,6810290,43,0,0
6000,6810774,44,0,0
6000,6810990,45,0,0
6000,6810709,46,0,0
6100,6810200,1,0,0
6100,6810793,2,0,0
6100,6810201,3,0,0
6100,6810202,4,0,0
6100,6810203,5,0,0
6100,6810294,6,0,0
6100,6810295,7,0,0
6100,6811163,8,0,0
6100,6811061,9,0,0
6100,6810298,10,0,0
6100,6810299,11,0,0
6100,6810921,12,0,0
6100,6810301,13,0,0
6100,6810302,14,0,0
6100,6816102,15,0,0
6100,6816101,16,0,0
6100,6816103,17,0,0
6100,6810310,18,0,0
6100,6810311,19,0,0
6100,6810312,20,0,0
6100,6810313,21,0,0
6100,6810314,22,0,0
6100,6810914,23,0,0
6100,6810781,24,0,0
6100,6810791,25,0,0
6100,6810316,26,0,0
6100,6810792,27,0,0
6200,6810785,1,0,0
6200,6810205,2,0,0
6200,6810925,3,0,0
6200,6810317,4,0,0
6200,6810924,5,0,0
6200,6810318,6,0,0
6200,6810915,7,0,0
6200,6810916,8,0,0
6200,6810917,9,0,0
6200,6810320,10,0,0
6200,6810321,11,0,0
6200,6811008,12,0,0
6200,6810322,13,0,0
6200,6810323,14,0,0
6200,6810913,15,0,0
6200,6811141,16,0,0
6200,6811114,17,0,0
6200,6811115,18,0,0
6200,6811116,19,0,0
6200,6811142,20,0,0
6200,6811162,21,0,0
6200,6810325,22,0,0
6200,6810326,23,0,0
6200,6811073,24,0,0
6200,6811112,25,0,0
6200,6810807,26,0,0
6200,6810329,27,0,0
6200,6810330,28,0,0
6200,6810331,29,0,0
6200,6816702,30,0,0
6200,6816703,31,0,0
6200,6810332,32,0,0
6200,6810333,33,0,0
6200,6810334,34,0,0
6200,6810336,35,0,0
6200,6810337,36,0,0
6200,6810338,37,0,0
6200,6810339,38,0,0
6200,6810909,39,0,0
6200,6810808,40,0,0
6200,6811075,41,0,0
6200,6810390,42,0,0
6200,6810391,43,0,0
6300,6810200,1,0,0
6300,6810793,2,0,0
6300,6810340,3,0,0
6300,6816301,4,0,0
6300,6816302,5,0,0
6300,6816303,6,0,0
6300,6816311,7,0,0
6300,6816312,8,0,0
6300,6810695,9,0,0
6300,6810352,10,0,0
6300,6810697,11,0,0
6300,6810698,12,0,0
6300,6810699,13,0,0
6300,6810700,14,0,0
6300,6811074,15,0,0
6300,6810708,16,0,0
6300,6810702,17,0,0
6300,6810354,18,0,0
6300,6810355,19,0,0
6300,6810696,20,0,0
6300,6810694,21,0,0
6300,6810351,22,0,0
6300,6810350,23,0,0
6300,6810349,24,0,0
6300,6816307,25,0,0
6300,6816308,26,0,0
6300,6810345,27,0,0
6300,6810692,28,0,0
6300,6816309,29,0,0
6300,6810343,30,0,0
6300,6810342,31,0,0
6300,6816310,32,0,0
6300,6810360,33,0,0
6300,6810792,34,0,0
6400,6810234,1,0,0
6400,6810235,2,0,0
6400,6811164,3,0,0
6400,6810362,4,0,0
6400,6810363,5,0,0
6400,6810364,6,0,0
6400,6810365,7,0,0
6400,6810366,8,0,0
6400,6810367,9,0,0
6400,6810368,10,0,0
6400,6810369,11,0,0
6400,6810370,12,0,0
6400,6810371,13,0,0
6400,6810372,14,0,0
6400,6811076,15,0,0
6400,6810373,16,0,0
6400,6810733,17,0,0
6400,6810734,18,0,0
6400,6810238,19,0,0
6400,6810239,20,0,0
6400,6810374,21,0,0
6400,6810375,22,0,0
6400,6810376,23,0,0
6400,6816401,24,0,0
6400,6816402,25,0,0
6400,6810377,26,0,0
6400,6811077,27,0,0
6400,6810741,28,0,0
6400,6810378,29,0,0
6400,6810743,30,0,0
6400,6810746,31,0,0
6400,6810969,32,0,0
6400,6810380,33,0,0
6400,6810381,34,0,0
6400,6810382,35,0,0
6400,6810750,36,0,0
6400,6810383,37,0,0
6400,6816403,38,0,0
6400,6816404,39,0,0
6400,6810757,40,0,0
6400,6811078,41,0,0
6400,6810758,42,0,0
6400,6810388,43,0,0
6400,6810232,44,0,0
6500,6810785,1,0,0
6500,6810205,2,0,0
6500,6810987,3,0,0
6500,6810786,4,0,0
6500,6811075,5,0,0
6500,6810390,6,0,0
6500,6810391,7,0,0
6500,6810392,8,0,0
6500,6810393,9,0,0
6500,6810989,10,0,0
6500,6810394,11,0,0
6500,6810809,12,0,0
6500,6810395,13,0,0
6500,6810396,14,0,0
6500,6810398,15,0,0
6500,6810399,16,0,0
6500,6810400,17,0,0
6500,6810810,18,0,0
6500,6810401,19,0,0
6500,6810736,20,0,0
6500,6816501,21,0,0
6500,6810406,22,0,0
6500,6810407,23,0,0
6500,6810408,24,0,0
6500,6810409,25,0,0
6500,6810410,26,0,0
6500,6811083,27,0,0
6500,6810412,28,0,0
6500,6811177,29,0,0
6500,6810903,30,0,0
6500,6810904,31,0,0
6600,6810413,1,0,0
6600,6810881,2,0,0
6600,6810416,3,0,0
6600,6816605,4,0,0
6600,6810417,5,0,0
6600,6810418,6,0,0
6600,6810882,7,0,0
6600,6810419,8,0,0
6600,6810420,9,0,0
6600,6810950,10,0,0
6600,6810951,11,0,0
6600,6810422,12,0,0
6600,6810970,13,0,0
6600,6810423,14,0,0
6600,6810952,15,0,0
6600,6810953,16,0,0
6600,6810821,17,0,0
6600,6810426,18,0,0
6600,6810954,19,0,0
6600,6810427,20,0,0
6600,6811119,21,0,0
6600,6810883,22,0,0
6600,6811084,23,0,0
6600,6816606,24,0,0
6600,6810428,25,0,0
6600,6810429,26,0,0
6600,6810430,27,0,0
6600,6816603,28,0,0
6600,6810884,29,0,0
6600,6811092,30,0,0
6600,6811165,31,0,0
6600,6811085,32,0,0
6600,6810431,33,0,0
6600,6810421,34,0,0
6600,6810432,35,0,0
6600,6811071,36,0,0
6600,6810433,37,0,0
6600,6816602,38,0,0
6600,6810885,39,0,0
6600,6816604,40,0,0
6600,6811022,41,0,0
6600,6811033,42,0,0
6600,6810886,43,0,0
6600,6816601,44,0,0
6600,6810887,45,0,0
6600,6811086,46,0,0
6600,6810888,47,0,0
6600,6811087,48,0,0
6600,6810889,49,0,0
6600,6810898,50,0,0
6600,6810890,51,0,0
6600,6810891,52,0,0
6600,6811032,53,0,0
6600,6816103,54,0,0
6600,6810310,55,0,0
6600,6810311,56,0,0
6600,6810312,57,0,0
6600,6810313,58,0,0
6600,6810314,59,0,0
6600,6810914,60,0,0
6600,6810781,61,0,0
6600,6810435,62,0,0
6600,6810436,63,0,0
6600,6811088,64,0,0
6600,6810437,65,0,0
6600,6810892,66,0,0
6600,6810439,67,0,0
6600,6811078,68,0,0
6600,6810758,69,0,0
6600,6810388,70,0,0
6600,6811111,71,0,0
6600,6811182,72,0,0
6600,6811183,73,0,0
6600,6810463,74,0,0
6600,6810464,75,0,0
6700,6810413,1,0,0
6700,6810442,2,0,0
6700,6811182,3,0,0
6700,6811183,4,0,0
6700,6810443,5,0,0
6700,6810444,6,0,0
6700,6810797,7,0,0
6700,6810445,8,0,0
6700,6810446,9,0,0
6700,6810799,10,0,0
6700,6810447,11,0,0
6700,6810448,12,0,0
6700,6810449,13,0,0
6700,6810450,14,0,0
6700,6810804,15,0,0
6700,6810800,16,0,0
6700,6810801,17,0,0
6700,6810893,18,0,0
6700,6810802,19,0,0
6700,6810803,20,0,0
6700,6810805,21,0,0
6700,6810453,22,0,0
6700,6811089,23,0,0
6700,6811090,24,0,0
6700,6810946,25,0,0
6700,6810947,26,0,0
6700,6810948,27,0,0
6700,6816701,28,0,0
6700,6811059,29,0,0
6700,6811091,30,0,0
6700,6810456,31,0,0
6700,6810457,32,0,0
6700,6810458,33,0,0
6700,6810459,34,0,0
6700,6810894,35,0,0
6700,6811117,36,0,0
6700,6810768,37,0,0
6700,6810769,38,0,0
6700,6810280,39,0,0
6700,6810770,40,0,0
6700,6810461,41,0,0
6700,6810463,42,0,0
6700,6810464,43,0,0
6800,6810413,1,0,0
6800,6810442,2,0,0
6800,6810441,3,0,0
6800,6810235,4,0,0
6800,6810267,5,0,0
6800,6810268,6,0,0
6800,6810466,7,0,0
6800,6810467,8,0,0
6800,6810468,9,0,0
6800,6810469,10,0,0
6800,6810471,11,0,0
6800,6810836,12,0,0
6800,6810472,13,0,0
6800,6810473,14,0,0
6800,6810474,15,0,0
6800,6810475,16,0,0
6800,6810837,17,0,0
6800,6810477,18,0,0
6800,6810478,19,0,0
6800,6810479,20,0,0
6800,6810480,21,0,0
6800,6810481,22,0,0
6800,6810483,23,0,0
6800,6810484,24,0,0
6800,6810839,25,0,0
6800,6810485,26,0,0
6800,6810486,27,0,0
6800,6810923,28,0,0
6800,6810922,29,0,0
6800,6810487,30,0,0
6800,6810488,31,0,0
6800,6810489,32,0,0
6800,6810490,33,0,0
6800,6810491,34,0,0
6800,6810492,35,0,0
6800,6810493,36,0,0
6800,6810494,37,0,0
6800,6810495,38,0,0
6800,6810496,39,0,0
6800,6810497,40,0,0
6800,6810465,41,0,0
6800,6810498,42,0,0
6800,6810499,43,0,0
6800,6810606,44,0,0
6800,6810500,45,0,0
6800,6810463,46,0,0
6800,6810464,47,0,0
8100,6810413,1,0,0
8100,6810442,2,0,0
8100,6810441,3,0,0
8100,6810235,4,0,0
8100,6810001,5,0,0
8100,6810005,6,0,0
8100,6818501,7,0,0
8100,6811172,8,0,0
8100,6810003,9,0,0
8100,6811171,10,0,0
8100,6811103,11,0,0
8100,6810567,12,0,0
8100,6811105,13,0,0
8100,6811178,14,0,0
8100,6810568,15,0,0
8100,6810569,16,0,0
8100,6810604,17,0,0
8100,6810605,18,0,0
8100,6810572,19,0,0
8100,6810573,20,0,0
8100,6810574,21,0,0
8100,6810576,22,0,0
8100,6810577,23,0,0
8100,6811023,24,0,0
8100,6811024,25,0,0
8100,6811051,26,0,0
8100,6811025,27,0,0
8100,6818522,28,0,0
8100,6811056,29,0,0
8100,6810587,30,0,0
8100,6810813,31,0,0
8100,6811037,32,0,0
8100,6810814,33,0,0
8100,6810004,34,0,0
8100,6811038,35,0,0
8100,6810588,36,0,0
8100,6810589,37,0,0
8100,6811039,38,0,0
8100,6810590,39,0,0
8100,6811094,40,0,0
8100,6810591,41,0,0
8100,6810592,42,0,0
8100,6810593,43,0,0
8100,6811040,44,0,0
8100,6810594,45,0,0
8100,6811042,46,0,0
8100,6810595,47,0,0
8100,6810596,48,0,0
8100,6810597,49,0,0
8100,6810598,50,0,0
8100,6810599,51,0,0
8100,6810600,52,0,0
8100,6810601,53,0,0
8100,6811041,54,0,0
8100,6810602,55,0,0
8100,6810570,56,0,0
8100,6810603,57,0,0
8100,6810571,58,0,0
8100,6810540,59,0,0
8100,6811043,60,0,0
8100,6811044,61,0,0
8100,6810542,62,0,0
8100,6810543,63,0,0
8100,6810544,64,0,0
8100,6810545,65,0,0
8100,6810546,66,0,0
8100,6810547,67,0,0
8100,6810548,68,0,0
8100,6810549,69,0,0
8100,6810550,70,0,0
8100,6810551,71,0,0
8100,6810552,72,0,0
8100,6810553,73,0,0
8100,6810554,74,0,0
8100,6810002,75,0,0
8100,6810463,76,0,0
8100,6810464,77,0,0
8200,6810413,1,0,0
8200,6810442,2,0,0
8200,6810441,3,0,0
8200,6810235,4,0,0
8200,6810001,5,0,0
8200,6810005,6,0,0
8200,6811172,7,0,0
8200,6810003,8,0,0
8200,6811171,9,0,0
8200,6811103,10,0,0
8200,6810567,11,0,0
8200,6811105,12,0,0
8200,6811178,13,0,0
8200,6810568,14,0,0
8200,6810569,15,0,0
8200,6810604,16,0,0
8200,6810605,17,0,0
8200,6810572,18,0,0
8200,6810573,19,0,0
8200,6810574,20,0,0
8200,6818501,21,0,0
8200,6810540,22,0,0
8200,6811043,23,0,0
8200,6811044,24,0,0
8200,6810542,25,0,0
8200,6810543,26,0,0
8200,6810544,27,0,0
8200,6818506,28,0,0
8200,6818507,29,0,0
8200,6818508,30,0,0
8200,6818509,31,0,0
8200,6818510,32,0,0
8200,6818511,33,0,0
8200,6818512,34,0,0
8200,6810546,35,0,0
8200,6810547,36,0,0
8200,6810548,37,0,0
8200,6810549,38,0,0
8200,6810550,39,0,0
8200,6810551,40,0,0
8200,6810552,41,0,0
8200,6810553,42,0,0
8200,6810554,43,0,0
8200,6818513,44,0,0
8200,6810563,45,0,0
8200,6810564,46,0,0
8200,6818523,47,0,0
8200,6810565,48,0,0
8200,6810541,49,0,0
8200,6810570,50,0,0
8200,6810603,51,0,0
8200,6810571,52,0,0
8200,6810002,53,0,0
8200,6810463,54,0,0
8200,6810464,55,0,0
8500,6810568,1,0,0
8500,6810569,2,0,0
8500,6810604,3,0,0
8500,6810605,4,0,0
8500,6810572,5,0,0
8500,6810573,6,0,0
8500,6810574,7,0,0
8500,6818501,8,0,0
8500,6810540,9,0,0
8500,6811043,10,0,0
8500,6811044,11,0,0
8500,6810542,12,0,0
8500,6810543,13,0,0
8500,6810544,14,0,0
8500,6818506,15,0,0
8500,6818507,16,0,0
8500,6818508,17,0,0
8500,6818509,18,0,0
8500,6818510,19,0,0
8500,6818511,20,0,0
8500,6818512,21,0,0
8500,6810546,22,0,0
8500,6810547,23,0,0
8500,6810548,24,0,0
8500,6810549,25,0,0
8500,6810550,26,0,0
8500,6810551,27,0,0
8500,6810552,28,0,0
8500,6810553,29,0,0
8500,6810554,30,0,0
8500,6818513,31,0,0
8500,6818514,32,0,0
8500,6818515,33,0,0
8500,6818516,34,0,0
8500,6818517,35,0,0
8500,6818518,36,0,0
8500,6818519,37,0,0
8500,6818520,38,0,0
8500,6818522,39,0,0
8500,6811056,40,0,0
8500,6810587,41,0,0
8500,6810813,42,0,0
8500,6811037,43,0,0
8500,6810814,44,0,0
8500,6810004,45,0,0
8500,6811038,46,0,0
8500,6810588,47,0,0
8500,6810589,48,0,0
8500,6811039,49,0,0
8500,6810590,50,0,0
8500,6811094,51,0,0
8500,6810591,52,0,0
8500,6810592,53,0,0
8500,6810593,54,0,0
8500,6811040,55,0,0
8500,6810594,56,0,0
8500,6811042,57,0,0
8500,6810595,58,0,0
8500,6810596,59,0,0
8500,6810597,60,0,0
8500,6810598,61,0,0
8500,6810599,62,0,0
8500,6810600,63,0,0
8500,6810601,64,0,0
8500,6811041,65,0,0
8500,6810602,66,0,0
8500,6811178,67,0,0
8600,6810413,1,0,0
8600,6810442,2,0,0
8600,6810441,3,0,0
8600,6810235,4,0,0
8600,6810001,5,0,0
8600,6810005,6,0,0
8600,6811172,7,0,0
8600,6810003,8,0,0
8600,6811171,9,0,0
8600,6811103,10,0,0
8600,6810567,11,0,0
8600,6811105,12,0,0
8600,6811178,13,0,0
8600,6810568,14,0,0
8600,6818602,15,0,0
8600,6818601,16,0,0
8600,6810593,17,0,0
8600,6811040,18,0,0
8600,6818606,19,0,0
8600,6818522,20,0,0
8600,6811058,21,0,0
8600,6818603,22,0,0
8600,6818604,23,0,0
8600,6818605,24,0,0
8600,6810002,25,0,0
8600,6810463,26,0,0
8600,6810464,27,0,0
9300,6810200,1,0,0
9300,6810607,2,0,0
9300,6811009,3,0,0
9300,6810971,4,0,0
9300,6819401,5,0,0
9300,6819402,6,0,0
9300,6810612,7,0,0
9300,6811095,8,0,0
9300,6810613,9,0,0
9300,6811120,10,0,0
9300,6811122,11,0,0
9300,6811144,12,0,0
9300,6810842,13,0,0
9300,6810641,14,0,0
9300,6811124,15,0,0
9300,6811140,16,0,0
9300,6811128,17,0,0
9300,6811130,18,0,0
9300,6811126,19,0,0
9300,6810941,20,0,0
9300,6811305,21,0,0
9300,6811132,22,0,0
9300,6811134,23,0,0
9300,6811136,24,0,0
9300,6811138,25,0,0
9300,6811301,26,0,0
9300,6811142,27,0,0
9300,6811145,28,0,0
9300,6811146,29,0,0
9300,6811148,30,0,0
9300,6810973,31,0,0
9300,6810850,32,0,0
9300,6810974,33,0,0
9300,6811064,34,0,0
9300,6810975,35,0,0
9300,6810976,36,0,0
9300,6810634,37,0,0
9400,6811305,1,0,0
9400,6810943,2,0,0
9400,6811097,3,0,0
9400,6810945,4,0,0
9400,6811307,5,0,0
9400,6811308,6,0,0
9400,6811270,7,0,0
9400,6811272,8,0,0
9400,6811222,9,0,0
9400,6811224,10,0,0
9400,6811225,11,0,0
9400,6811276,12,0,0
9400,6811226,13,0,0
9400,6811228,14,0,0
9400,6811230,15,0,0
9400,6811310,16,0,0
9400,6811174,17,0,0
9400,6810981,18,0,0
9400,6810624,19,0,0
9400,6811100,20,0,0
9400,6810982,21,0,0
9400,6811063,22,0,0
9400,6810983,23,0,0
9400,6810629,24,0,0
9400,6811278,25,0,0
9400,6811232,26,0,0
9400,6810896,27,0,0
9400,6810631,28,0,0
9400,6810632,29,0,0
9400,6810634,30,0,0
9400,6810200,31,0,0
9400,6810607,32,0,0
9400,6810608,33,0,0
9400,6810001,34,0,0
9400,6811049,35,0,0
9400,6810662,36,0,0
9400,6811234,37,0,0
9400,6810865,38,0,0
9400,6810867,39,0,0
9400,6810868,40,0,0
9400,6811236,41,0,0
9400,6811238,42,0,0
9400,6811240,43,0,0
9400,6811242,44,0,0
9400,6811244,45,0,0
9400,6811280,46,0,0
9400,6811182,47,0,0
9400,6811303,48,0,0
9600,6811305,1,0,0
9600,6811150,2,0,0
9600,6811214,3,0,0
9600,6811258,4,0,0
9600,6811216,5,0,0
9600,6811260,6,0,0
9600,6811262,7,0,0
9600,6811218,8,0,0
9600,6810996,9,0,0
9600,6811000,10,0,0
9600,6811001,11,0,0
9600,6811002,12,0,0
9600,6811003,13,0,0
9600,6811050,14,0,0
9600,6811004,15,0,0
9600,6811264,16,0,0
9600,6811005,17,0,0
9600,6810857,18,0,0
9600,6810859,19,0,0
9600,6810860,20,0,0
9600,6810862,21,0,0
9600,6810861,22,0,0
9600,6810691,23,0,0
9600,6810896,24,0,0
9600,6810631,25,0,0
9600,6810632,26,0,0
9600,6810634,27,0,0
9600,6810200,28,0,0
9600,6810607,29,0,0
9600,6810608,30,0,0
9600,6810609,31,0,0
9600,6819302,32,0,0
9600,6810610,33,0,0
9600,6810612,34,0,0
9600,6811095,35,0,0
9600,6810613,36,0,0
9600,6810614,37,0,0
9600,6811266,38,0,0
9600,6811096,39,0,0
9600,6811268,40,0,0
9600,6811220,41,0,0
9600,6811126,42,0,0
9600,6810941,43,0,0
9800,6811305,1,0,0
9800,6810943,2,0,0
9800,6811097,3,0,0
9800,6810945,4,0,0
9800,6811307,5,0,0
9800,6811308,6,0,0
9800,6810936,7,0,0
9800,6810937,8,0,0
9800,6811099,9,0,0
9800,6811313,10,0,0
9800,6811309,11,0,0
9800,6810664,12,0,0
9800,6811101,13,0,0
9800,6810665,14,0,0
9800,6811168,15,0,0
9800,6811170,16,0,0
9800,6811172,17,0,0
9800,6811310,18,0,0
9800,6811174,19,0,0
9800,6811311,20,0,0
9800,6811176,21,0,0
9800,6811178,22,0,0
9800,6811180,23,0,0
9800,6811182,24,0,0
9800,6811303,25,0,0
9801,6811305,1,0,0
9801,6811150,2,0,0
9801,6811152,3,0,0
9801,6811154,4,0,0
9801,6811156,5,0,0
9801,6811302,6,0,0
9801,6811306,7,0,0
9801,6811158,8,0,0
9801,6811160,9,0,0
9801,6811162,10,0,0
9801,6811164,11,0,0
1009400,6810200,1,0,0
1009400,6810607,2,0,0
1009400,6810608,3,0,0
1009400,6810001,4,0,0
1009400,6811049,5,0,0
1009400,6810662,6,0,0
1009400,6811234,7,0,0
1009400,6810865,8,0,0
1009400,6810867,9,0,0
1009400,6810868,10,0,0
1009400,6810978,11,0,0
1009400,6810979,12,0,0
1009400,6810873,13,0,0
1009400,6810874,14,0,0
1009400,6811062,15,0,0
1009400,6810980,16,0,0
1009400,6810932,17,0,0
1009400,6810997,18,0,0
1009400,6811246,19,0,0
1009400,6904001,20,0,0
1009400,6811098,21,0,0
1009400,6810935,22,0,0
1009400,6810621,23,0,0
1009400,6811166,24,0,0
1009400,6811180,25,0,0
1009400,6811182,26,0,0
1009400,6811303,27,0,0
1009400,6811305,28,0,0
1009400,6810943,29,0,0
1009400,6811097,30,0,0
1009400,6810945,31,0,0
1009400,6810656,32,0,0
1009400,6810657,33,0,0
1009400,6810880,34,0,0
1009400,6811047,35,0,0
1009400,6811046,36,0,0
1009400,6811184,37,0,0
1009400,6810982,38,0,0
1009400,6811063,39,0,0
1009400,6810983,40,0,0
1009400,6810629,41,0,0
1009400,6811278,42,0,0
1009400,6811232,43,0,0
1009400,6810896,44,0,0
1009400,6810631,45,0,0
1009400,6810632,46,0,0
1009400,6810634,47,0,0
1009600,6810200,1,0,0
1009600,6811007,2,0,0
1009600,6810984,3,0,0
1009600,6810001,4,0,0
1009600,6811049,5,0,0
1009600,6810662,6,0,0
1009600,6811006,7,0,0
1009600,6810663,8,0,0
1009600,6810664,9,0,0
1009600,6811101,10,0,0
1009600,6810665,11,0,0
1009600,6810985,12,0,0
1009600,6810668,13,0,0
1009600,6811102,14,0,0
1009600,6811186,15,0,0
1009600,6811188,16,0,0
1009600,6811312,17,0,0
1009600,6811190,18,0,0
1009600,6811192,19,0,0
1009600,6811194,20,0,0
1009600,6811248,21,0,0
1009600,6811250,22,0,0
1009600,6811252,23,0,0
1009600,6811254,24,0,0
1009600,6811256,25,0,0
1009600,6811196,26,0,0
1009600,6811198,27,0,0
1009600,6811200,28,0,0
1009600,6811202,29,0,0
1009600,6811305,30,0,0
1009600,6811132,31,0,0
1009600,6811134,32,0,0
1009600,6811204,33,0,0
1009600,6811206,34,0,0
1009600,6811208,35,0,0
1009600,6811210,36,0,0
1009600,6810973,37,0,0
1009600,6810850,38,0,0
1009600,6810974,39,0,0
1009600,6819301,40,0,0
1009600,6819303,41,0,0
1009600,6811212,42,0,0
1009600,6810258,43,0,0
