1600,'595d987c-b6af-4553-91b7-dc23a0d7ec1c',1132,,19589,12,,,0,75,,19595,12,,,0,35,,19593,12,,,0,75,,19594,12,,,0,35,,19584,12,,,0,75,,19586,12,,,0,75,,19590,12,,,0,35,,19585,12,,,0,75,,19587,12,,,0,35,,19591,12,,,0,75,,19588,12,,,0,35,,19596,12,,,0,75,,19592,19,,,0
1600,'d3716f81-b7c0-479c-ad60-6712cf7781f4',1022,,19599,12,,,0,35,,19602,12,,,0,75,,19609,12,,,0,75,,19608,12,,,0,35,,19603,12,,,0,75,,19598,12,,,0,35,,19605,12,,,0,75,,19607,12,,,0,75,,19600,12,,,0,35,,19601,12,,,0,75,,19597,12,,,0,35,,19606,12,,,0,75,,19604,19,,,0
1600,'f394ee2a-c90c-4cfe-bbfc-c5340e68ee20',647,,19612,12,,,0,70,,19617,12,,,0,35,,19625,12,,,0,75,,19626,12,,,0,30,,19633,12,,,0,70,,19631,12,,,0,30,,19618,12,,,0,70,,19623,12,,,0,30,,19624,12,,,0,70,,19620,12,,,0,30,,19616,12,,,0,80,,19619,12,,,0,75,,19628,12,,,0,35,,19636,12,,,0,75,,19613,12,,,0,35,,19634,12,,,0,75,,19629,12,,,0,75,,19611,12,,,0,40,,19627,12,,,0,80,,19630,12,,,0,80,,19610,12,,,0,30,,19614,12,,,0,70,,19632,12,,,0,30,,19615,12,,,0,70,,19635,12,,,0,30,,19622,12,,,0,70,,19621,19,,,0
5000,'595d987c-b6af-4553-91b7-dc23a0d7ec1c',706,,19637,19,,,0,35,,19664,19,,,0,75,,19661,19,,,0,35,,19654,19,,,0,75,,19643,19,,,0,75,,19662,19,,,0,35,,19652,19,,,0,75,,19653,19,,,0,36,,19648,19,,,0,77,,19659,19,,,0,80,,19642,19,,,0,37,,19650,19,,,0,80,,19658,19,,,0,37,,19660,19,,,0,80,,19639,19,,,0,77,,19651,19,,,0,40,,19663,19,,,0,77,,19638,19,,,0,77,,19640,19,,,0,37,,19645,19,,,0,75,,19657,19,,,0,35,,19656,19,,,0,75,,19646,19,,,0,75,,19641,13,,,0,35,,19655,13,,,0
5000,'d01a14a4-d6a9-4013-8e71-e69303fb0b13',1001,,19682,19,,,0,35,,19672,19,,,0,75,,19670,19,,,0,35,,19676,19,,,0,75,,19679,19,,,0,35,,19667,19,,,0,75,,19675,19,,,0,75,,19666,19,,,0,35,,19668,19,,,0,75,,19673,19,,,0,35,,19665,19,,,0,75,,19678,19,,,0,75,,19669,19,,,0,35,,19680,19,,,0,75,,19681,13,,,0,35,,19674,13,,,0,10,,19677,11,,,0
5000,'d3716f81-b7c0-479c-ad60-6712cf7781f4',1001,,19689,19,,,0,35,,19700,19,,,0,75,,19692,19,,,0,35,,19696,19,,,0,75,,19687,19,,,0,35,,19683,19,,,0,75,,19686,19,,,0,75,,19694,19,,,0,35,,19693,19,,,0,75,,19688,19,,,0,35,,19698,19,,,0,75,,19695,19,,,0,75,,19699,19,,,0,35,,19684,13,,,0,70,,19685,11,,,0,5,,19690,11,,,0
5000,'f394ee2a-c90c-4cfe-bbfc-c5340e68ee20',640,,19727,19,,,0,64,,19733,19,,,0,26,,19712,19,,,0,26,,19719,19,,,0,66,,19713,19,,,0,26,,19705,19,,,0,66,,19731,19,,,0,26,,19711,19,,,0,66,,19706,12,,,0,26,,19723,19,,,0,68,,19702,19,,,0,47,,19720,19,,,0,73,,19729,19,,,0,84,,19716,19,,,0,34,,19725,19,,,0,68,,19728,19,,,0,25,,19732,19,,,0,69,,19724,19,,,0,27,,19708,19,,,0,27,,19710,19,,,0,67,,19736,19,,,0,34,,19704,19,,,0,72,,19717,19,,,0,27,,19735,19,,,0,74,,19721,19,,,0,24,,19715,19,,,0,64,,19709,19,,,0,26,,19707,13,,,0,67,,19726,19,,,0,23,,19714,19,,,0,90,,19734,19,,,0,23,,19730,13,,,0,90,,19722,13,,,0
6100,'595d987c-b6af-4553-91b7-dc23a0d7ec1c',611,,20228,19,,,0,90,,20218,19,,,0,40,,20229,19,,,0,80,,20210,19,,,0,80,,20216,19,,,0,40,,20212,19,,,0,80,,20230,19,,,0,80,,20224,19,,,0,45,,20211,19,,,0,85,,20223,19,,,0,85,,20231,19,,,0,85,,20214,19,,,0,45,,20225,19,,,0,85,,20209,19,,,0,85,,20217,19,,,0,85,,20219,19,,,0,45,,20222,19,,,0,85,,20227,19,,,0,75,,20208,19,,,0,35,,20215,19,,,0,75,,20226,19,,,0,35,,20213,19,,,0,75,,20220,19,,,0,75,,20221,15,,,0
6100,'d01a14a4-d6a9-4013-8e71-e69303fb0b13',1006,,20232,19,,,0,35,,20233,19,,,0,75,,20240,19,,,0,35,,20242,19,,,0,75,,20238,19,,,0,75,,20234,19,,,0,35,,20246,19,,,0,75,,20243,19,,,0,35,,20235,19,,,0,75,,20237,19,,,0,35,,20239,19,,,0,75,,20245,19,,,0,80,,20244,19,,,0,35,,20236,19,,,0,75,,20241,19,,,0
6100,'d3716f81-b7c0-479c-ad60-6712cf7781f4',931,,20256,19,,,0,80,,20247,19,,,0,40,,20248,19,,,0,80,,20259,19,,,0,80,,20258,19,,,0,40,,20254,19,,,0,80,,20253,19,,,0,80,,20252,19,,,0,40,,20257,19,,,0,80,,20250,19,,,0,80,,20249,19,,,0,40,,20255,19,,,0,80,,20251,15,,,0
6100,'f394ee2a-c90c-4cfe-bbfc-c5340e68ee20',536,,20261,19,,,0,75,,20270,19,,,0,35,,20272,19,,,0,55,,20269,19,,,0,20,,20301,19,,,0,21,,20279,19,,,0,60,,20295,19,,,0,20,,20293,19,,,0,20,,20281,19,,,0,59,,20297,19,,,0,20,,20285,19,,,0,80,,20276,19,,,0,40,,20299,19,,,0,80,,20278,19,,,0,80,,20283,19,,,0,40,,20267,19,,,0,60,,20274,19,,,0,25,,20288,19,,,0,20,,20280,19,,,0,61,,20294,19,,,0,20,,20260,19,,,0,25,,20284,19,,,0,60,,20290,19,,,0,25,,20282,19,,,0,20,,20271,19,,,0,65,,20268,19,,,0,20,,20273,19,,,0,65,,20292,19,,,0,20,,20265,19,,,0,25,,20277,19,,,0,60,,20300,19,,,0,20,,20266,19,,,0,20,,20287,19,,,0,59,,20275,19,,,0,20,,20289,19,,,0,15,,20291,19,,,0,75,,20262,19,,,0,36,,20264,19,,,0,74,,20263,19,,,0,75,,20296,19,,,0,35,,20286,19,,,0,75,,20298,19,,,0
