5000,'595d987c-b6af-4553-91b7-dc23a0d7ec1c',716,,19637,62,,,0,35,,19664,62,,,0,75,,19661,62,,,0,75,,19654,62,,,0,35,,19643,62,,,0,75,,19662,62,,,0,35,,19652,62,,,0,75,,19653,62,,,0,37,,19648,62,,,0,77,,19659,62,,,0,80,,19642,62,,,0,37,,19650,62,4,,0,80,,19658,62,,,0,77,,19660,62,,,0,40,,19639,62,,,0,77,,19651,62,,,0,80,,19663,62,,,0,37,,19638,62,,,0,76,,19640,62,,,0,37,,19645,62,,,0,75,,19657,62,,,0,75,,19656,62,,,0,35,,19646,62,,,0,75,,19641,51,,,0,35,,19655,51,,,0
5000,'d01a14a4-d6a9-4013-8e71-e69303fb0b13',1011,,19682,62,,,0,35,,19672,62,,,0,75,,19670,62,,,0,35,,19676,62,,,0,75,,19679,62,,,0,75,,19667,62,,,0,35,,19675,62,,,0,75,,19666,62,,,0,35,,19668,62,,,0,75,,19673,62,,,0,75,,19665,62,,,0,35,,19678,62,,,0,75,,19669,62,,,0,35,,19680,62,,,0,75,,19681,51,,,0,35,,19674,51,,,0,49,,19677,49,4,,0
5000,'d3716f81-b7c0-479c-ad60-6712cf7781f4',935,,19691,62,,,0,76,,19689,62,,,0,35,,19700,62,,,0,75,,19692,62,,,0,35,,19696,62,,,0,75,,19687,62,,,0,75,,19683,62,,,0,35,,19686,62,,,0,75,,19694,62,,,0,35,,19693,62,,,0,75,,19688,62,,,0,75,,19698,62,,,0,35,,19695,62,,,0,75,,19699,62,,,0,35,,19684,51,,,0,69,,19685,49,4,,0,7,,19690,49,4,,0
5000,'f394ee2a-c90c-4cfe-bbfc-c5340e68ee20',629,,19701,62,,,0,24,,19727,62,,,0,64,,19733,62,,,0,26,,19712,62,,,0,66,,19719,62,,,0,26,,19713,62,,,0,66,,19705,62,,,0,26,,19731,62,,,0,26,,19711,62,,,0,66,,19706,50,,,0,26,,19723,62,,,0,68,,19702,62,,,0,45,,19720,62,,,0,74,,19729,62,,,0,85,,19716,62,,,0,34,,19725,62,4,,0,68,,19728,62,,,0,25,,19732,62,,,0,69,,19724,62,,,0,28,,19708,62,,,0,67,,19710,62,,,0,26,,19736,62,,,0,74,,19704,62,,,0,33,,19717,62,,,0,67,,19735,62,,,0,33,,19721,62,,,0,64,,19715,62,,,0,24,,19709,62,,,0,26,,19707,51,,,0,67,,19726,62,,,0,23,,19714,62,,,0,90,,19734,62,,,0,23,,19730,51,,,0,90,,19722,51,,,0
5101,'595d987c-b6af-4553-91b7-dc23a0d7ec1c',600,,19988,86,,,0,15,,19931,86,,,0,15,,19985,86,,,0,15,,19978,86,,,0,55,,19967,86,,,0,14,,19981,86,,,0,14,,19974,86,,,0,20,,19937,86,,,0,55,,19942,86,,,0,15,,19963,86,,,0,15,,19952,86,,,0,15,,19949,86,,,0,57,,19950,86,,,0,18,,19971,86,,,0,18,,19933,86,,,0,16,,19990,86,,,0,55,,19959,86,,,0,15,,19953,86,,,0,23,,19941,86,,,0,58,,19964,86,,,0,19,,19943,86,,,0,16,,19986,86,,,0,16,,19976,86,,,0,52,,19962,86,,,0,12,,19940,86,,,0,12,,19982,86,,,0,23,,19989,86,,,0,59,,19934,86,,,0,19,,19973,86,,,0,16,,19980,86,,,0,56,,19961,86,,,0,16,,19968,86,,,0,18,,19998,86,,,0,16,,19993,86,,,0,56,,19983,86,,,0,18,,19951,86,,,0,16,,19957,86,,,0,57,,19936,86,,,0,16,,19992,86,,,0,19,,19984,86,,,0,16,,19995,86,,,0,56,,19994,86,,,0,20,,19946,86,,,0,15,,19987,86,,,0,56,,19975,86,,,0,16,,19965,86,,,0,14,,19970,86,,,0,17,,19960,86,,,0,57,,19939,86,,,0,18,,19948,86,,,0,18,,19944,86,,,0,16,,19955,86,,,0,53,,19945,86,,,0,17,,19935,86,,,0,17,,19997,86,,,0,58,,19932,86,,,0,18,,19954,86,,,0,16,,19991,86,,,0,15,,19966,86,,,0,56,,19996,86,,,0,17,,19947,86,,,0,17,,19977,86,,,0,16,,19979,86,,,0,56,,19969,85,4,,0,17,,19938,85,4,,0,11,,19956,85,4,,0
5101,'d01a14a4-d6a9-4013-8e71-e69303fb0b13',1009,,20010,86,,,0,36,,20003,86,,,0,75,,20005,86,,,0,35,,20000,86,,,0,75,,20009,86,,,0,75,,20007,86,,,0,35,,20008,86,,,0,75,,20002,86,,,0,35,,20013,86,,,0,75,,20011,86,,,0,75,,20001,86,,,0,35,,20006,86,,,0,75,,20014,86,,,0,35,,20004,86,,,0,75,,20012,86,,,0,35,,19999,86,,,0
5101,'d3716f81-b7c0-479c-ad60-6712cf7781f4',908,,20020,86,,,0,19,,20031,86,,,0,18,,20042,86,,,0,60,,20038,86,,,0,11,,20034,86,,,0,31,,20035,86,,,0,60,,20015,86,,,0,18,,20036,86,,,0,18,,20037,86,,,0,58,,20021,86,,,0,18,,20033,86,,,0,20,,20041,86,,,0,18,,20016,86,,,0,58,,20023,86,,,0,18,,20017,86,,,0,18,,20044,86,,,0,58,,20039,86,,,0,22,,20040,86,,,0,18,,20022,86,,,0,58,,20027,86,,,0,18,,20028,86,,,0,18,,20024,86,,,0,58,,20029,86,,,0,20,,20018,86,,,0,20,,20045,86,,,0,59,,20019,86,,,0,18,,20046,86,,,0,18,,20043,86,,,0,18,,20030,86,,,0,48,,20032,86,,,0,21,,20025,85,4,,0,19,,20026,85,4,,0
5101,'f394ee2a-c90c-4cfe-bbfc-c5340e68ee20',553,,20052,86,,,0,60,,20063,86,,,0,13,,20109,86,,,0,13,,20051,86,,,0,15,,20116,86,,,0,54,,20078,86,,,0,23,,20068,86,,,0,12,,20124,86,,,0,16,,20102,86,,,0,57,,20122,86,,,0,16,,20047,86,,,0,18,,20087,86,,,0,55,,20094,86,,,0,14,,20075,86,,,0,14,,20059,86,,,0,16,,20112,86,,,0,57,,20061,86,,,0,17,,20100,86,,,0,17,,20067,86,,,0,16,,20093,86,,,0,55,,20086,86,,,0,15,,20060,86,,,0,15,,20065,86,,,0,16,,20083,86,,,0,56,,20080,86,,,0,13,,20056,86,,,0,14,,20092,86,,,0,14,,20070,86,,,0,51,,20103,86,,,0,14,,20081,86,,,0,16,,20121,86,4,,0,15,,20119,86,,,0,56,,20108,86,,,0,15,,20082,86,,,0,11,,20057,86,,,0,20,,20110,86,,,0,54,,20066,86,,,0,14,,20118,86,,,0,14,,20117,86,,,0,14,,20115,86,,,0,56,,20084,86,,,0,14,,20098,86,,,0,16,,20054,86,,,0,15,,20049,86,,,0,55,,20073,86,,,0,14,,20072,86,,,0,14,,20114,86,,,0,14,,20099,86,,,0,55,,20105,86,,,0,11,,20058,86,,,0,19,,20048,86,,,0,12,,20123,86,,,0,15,,20088,86,,,0,54,,20069,86,,,0,14,,20085,86,,,0,11,,20097,86,,,0,22,,20074,86,,,0,56,,20050,86,,,0,19,,20089,86,,,0,14,,20104,86,,,0,54,,20107,86,,,0,14,,20091,86,,,0,14,,20101,86,,,0,10,,20055,86,,,0,16,,20064,86,,,0,57,,20090,86,,,0,15,,20076,86,,,0,14,,20062,86,,,0,14,,20113,86,,,0,54,,20120,85,4,,0,9,,20079,85,4,,0,11,,20053,85,4,,0,16,,20071,85,4,,0
6200,'595d987c-b6af-4553-91b7-dc23a0d7ec1c',610,,20312,0,,,0,41,,20312,206,4,,0,81,,20323,0,,,0,81,,20323,206,4,,0,41,,20307,206,4,,0,81,,20314,0,,,0,81,,20316,0,,,0,41,,20316,206,4,,0,81,,20317,206,4,,0,81,,20319,0,,,0,81,,20308,0,,,0,41,,20308,206,4,,0,81,,20303,0,,,0,81,,20303,206,4,,0,46,,20313,0,,,0,86,,20313,206,4,,0,86,,20315,0,,,0,86,,20305,0,,,0,46,,20305,206,4,,0,81,,20325,206,4,,0,81,,20310,0,,,0,41,,20306,0,,,0,81,,20306,206,4,,0,81,,20320,206,4,,0,41,,20321,0,,,0,81,,20321,207,4,,0
6200,'d01a14a4-d6a9-4013-8e71-e69303fb0b13',1010,,20339,0,,,0,35,,20339,206,4,,0,75,,20337,0,,,0,35,,20337,206,4,,0,75,,20331,206,4,,0,75,,20341,206,4,,0,35,,20334,0,,,0,75,,20334,206,4,,0,35,,20336,0,,,0,75,,20336,206,4,,0,75,,20340,0,,,0,35,,20330,0,,,0,75,,20330,206,4,,0,35,,20335,0,,,0,75,,20338,0,,,0,35,,20338,206,4,,0
6200,'d3716f81-b7c0-479c-ad60-6712cf7781f4',1015,,20350,0,,,0,41,,20350,206,4,,0,81,,20349,0,,,0,81,,20347,0,,,0,41,,20347,206,4,,0,81,,20344,0,,,0,81,,20343,0,,,0,81,,20343,206,4,,0,41,,20352,206,4,,0,81,,20348,0,,,0,81,,20345,0,,,0,41,,20345,206,4,,0,81,,20342,207,4,,0
6200,'f394ee2a-c90c-4cfe-bbfc-c5340e68ee20',610,,20358,0,,,0,41,,20358,206,4,,0,81,,20371,0,,,0,81,,20356,0,,,0,41,,20359,0,,,0,81,,20359,206,4,,0,81,,20367,0,,,0,41,,20367,206,4,,0,81,,20368,0,,,0,81,,20370,0,,,0,81,,20372,0,,,0,41,,20364,0,,,0,81,,20364,206,4,,0,81,,20366,206,4,,0,46,,20357,206,4,,0,86,,20373,0,,,0,86,,20373,206,4,,0,86,,20354,0,,,0,46,,20363,0,,,0,81,,20360,0,,,0,81,,20360,206,4,,0,41,,20369,206,4,,0,81,,20361,0,,,0,81,,20365,0,,,0,41,,20365,206,4,,0,81,,20362,207,4,,0
6500,'595d987c-b6af-4553-91b7-dc23a0d7ec1c',645,,20547,0,,,0,70,,20547,103,4,,0,5,,20566,0,,,0,36,,20566,103,4,,0,76,,20559,0,,,0,79,,20559,103,4,,0,4,,20561,0,,,0,30,,20561,103,4,,0,70,,20570,103,4,,0,30,,20563,0,,,0,70,,20553,0,,,0,30,,20553,103,4,,0,70,,20552,0,,,0,30,,20560,0,,,0,70,,20560,103,4,,0,30,,20567,103,4,,0,70,,20549,103,4,,0,30,,20556,0,,,0,70,,20565,0,,,0,30,,20565,103,4,,0,80,,20569,0,,,0,80,,20569,103,4,,0,40,,20568,103,4,,0,70,,20564,0,,,0,30,,20564,103,4,,0,70,,20557,0,,,0,30,,20545,0,,,0,70,,20545,103,4,,0,30,,20558,103,4,,0,70,,20572,0,,,0,30,,20572,103,4,,0
6500,'d3716f81-b7c0-479c-ad60-6712cf7781f4',1015,,20576,0,,,0,30,,20575,0,,,0,70,,20575,103,4,,0,30,,20585,103,4,,0,70,,20582,103,4,,0,30,,20580,0,,,0,70,,20587,0,,,0,30,,20587,103,4,,0,70,,20579,0,,,0,30,,20579,103,4,,0,70,,20574,0,,,0,30,,20577,0,,,0,70,,20577,103,4,,0,30,,20583,0,,,0,70,,20583,103,4,,0,30,,20573,103,4,,0,70,,20586,103,4,,0
6500,'f394ee2a-c90c-4cfe-bbfc-c5340e68ee20',645,,20599,0,,,0,70,,20599,103,4,,0,5,,20603,0,,,0,36,,20604,0,,,0,76,,20608,0,,,0,79,,20608,103,4,,0,4,,20601,0,,,0,30,,20601,103,4,,0,70,,20592,103,4,,0,30,,20606,103,4,,0,70,,20598,0,,,0,30,,20598,103,4,,0,70,,20615,103,4,,0,30,,20614,0,,,0,70,,20616,0,,,0,30,,20616,103,4,,0,70,,20613,0,,,0,30,,20595,0,,,0,70,,20595,103,4,,0,30,,20590,103,4,,0,80,,20600,0,,,0,80,,20600,103,4,,0,40,,20612,0,,,0,70,,20612,103,4,,0,30,,20593,103,4,,0,70,,20610,0,,,0,30,,20610,103,4,,0,70,,20609,0,,,0,30,,20609,103,4,,0,70,,20591,103,4,,0,30,,20594,103,4,,0
